  0.000   0.000   -0.19171E-07   0.75618E+07   0.21308E-08   0.67556E+08   0.33680E-05  -0.12099E+11
 -1.000  -1.000   -0.10513E-07   0.56505E+07   0.18623E-08   0.58918E+08   0.35863E-05  -0.90408E+10
  0.000   0.063   -0.18634E-07   0.75696E+07   0.90597E-09   0.67558E+08   0.27145E-05  -0.12111E+11
  0.002   0.126   -0.19485E-07   0.75943E+07   0.22733E-08   0.67549E+08   0.34117E-05  -0.12151E+11
  0.004   0.188   -0.18887E-07   0.76397E+07   0.17275E-08   0.67488E+08   0.32316E-05  -0.12224E+11
  0.006   0.251   -0.18858E-07   0.77106E+07   0.26056E-08   0.67356E+08   0.36822E-05  -0.12337E+11
  0.010   0.314   -0.20244E-07   0.78058E+07   0.19064E-08   0.67264E+08   0.30188E-05  -0.12489E+11
  0.014   0.377   -0.21292E-07   0.79105E+07   0.21237E-08   0.67582E+08   0.25280E-05  -0.12657E+11
  0.020   0.440   -0.20123E-07   0.79943E+07   0.16271E-08   0.68882E+08   0.34387E-05  -0.12791E+11
  0.026   0.503   -0.21058E-07   0.80361E+07   0.19453E-08   0.71567E+08   0.33914E-05  -0.12858E+11
  0.033   0.565   -0.20148E-07   0.80682E+07   0.21329E-08   0.75458E+08   0.32666E-05  -0.12909E+11
  0.040   0.628   -0.21602E-07   0.82115E+07   0.18847E-08   0.79895E+08   0.33386E-05  -0.13138E+11
  0.049   0.691   -0.26537E-07   0.86518E+07   0.15327E-08   0.84049E+08   0.31337E-05  -0.13843E+11
  0.058   0.754   -0.33382E-07   0.93776E+07   0.14828E-08   0.85678E+08   0.29723E-05  -0.15004E+11
  0.068   0.817   -0.28629E-07   0.95259E+07   0.18356E-08   0.80439E+08   0.35527E-05  -0.15242E+11
  0.079   0.880   -0.17255E-07   0.87736E+07   0.22388E-08   0.73331E+08   0.35303E-05  -0.14038E+11
  0.091   0.942   -0.13601E-07   0.83546E+07   0.22117E-08   0.72120E+08   0.40690E-05  -0.13367E+11
  0.103   1.005   -0.16351E-07   0.87520E+07   0.22315E-08   0.75920E+08   0.41760E-05  -0.14003E+11
  0.116   1.068   -0.20887E-07   0.96326E+07   0.26057E-08   0.80398E+08   0.41649E-05  -0.15412E+11
  0.130   1.131   -0.20691E-08   0.74948E+07   0.18530E-08   0.63439E+08   0.24569E-05  -0.11992E+11
  0.145   1.194    0.10431E-07   0.40227E+07   0.17482E-08   0.42458E+08   0.24283E-05  -0.64363E+10
  0.161   1.257    0.69890E-08   0.39652E+07   0.16257E-08   0.44030E+08   0.26487E-05  -0.63444E+10
  0.178   1.319    0.30460E-08   0.45724E+07   0.13642E-08   0.48642E+08   0.22662E-05  -0.73158E+10
  0.195   1.382   -0.31105E-09   0.61176E+07   0.13993E-08   0.56742E+08   0.25955E-05  -0.97882E+10
  0.213   1.445   -0.76168E-08   0.57810E+07   0.20318E-08   0.54851E+08   0.30207E-05  -0.92496E+10
  0.232   1.508   -0.28481E-08   0.43026E+07   0.18077E-08   0.48610E+08   0.30065E-05  -0.68841E+10
  0.252   1.571   -0.10710E-08   0.42902E+07   0.14877E-08   0.49166E+08   0.27488E-05  -0.68643E+10
  0.272   1.634   -0.53528E-08   0.42965E+07   0.16890E-08   0.49698E+08   0.22126E-05  -0.68744E+10
  0.293   1.696   -0.68212E-09   0.36123E+07   0.14928E-08   0.47804E+08   0.23145E-05  -0.57796E+10
  0.316   1.759   -0.30469E-08   0.41280E+07   0.12355E-08   0.50104E+08   0.27471E-05  -0.66049E+10
  0.339   1.822   -0.53622E-08   0.46584E+07   0.15089E-08   0.52115E+08   0.28636E-05  -0.74535E+10
  0.362   1.885   -0.87345E-08   0.48036E+07   0.16978E-08   0.52979E+08   0.25798E-05  -0.76858E+10
  0.387   1.948   -0.57523E-08   0.41711E+07   0.16210E-08   0.51623E+08   0.30425E-05  -0.66737E+10
  0.412   2.011   -0.62875E-08   0.43224E+07   0.16614E-08   0.52307E+08   0.25184E-05  -0.69158E+10
  0.438   2.073   -0.79343E-08   0.44014E+07   0.13558E-08   0.52871E+08   0.24948E-05  -0.70422E+10
  0.465   2.136   -0.58279E-08   0.44546E+07   0.14343E-08   0.53304E+08   0.25669E-05  -0.71274E+10
  0.493   2.199   -0.65032E-08   0.46794E+07   0.18267E-08   0.54078E+08   0.30861E-05  -0.74870E+10
  0.522   2.262   -0.88048E-08   0.46703E+07   0.17121E-08   0.54312E+08   0.25868E-05  -0.74724E+10
  0.551   2.325   -0.79897E-08   0.44803E+07   0.18809E-08   0.54326E+08   0.26781E-05  -0.71685E+10
  0.581   2.388   -0.11771E-07   0.46322E+07   0.11911E-08   0.54990E+08   0.24772E-05  -0.74115E+10
  0.612   2.450   -0.23189E-07   0.49448E+07   0.14833E-08   0.56207E+08   0.30804E-05  -0.79116E+10
  0.644   2.513    0.25197E-08   0.50594E+07   0.15720E-08   0.56280E+08   0.30216E-05  -0.80950E+10
  0.677   2.576   -0.67179E-08   0.51161E+07   0.15019E-08   0.56390E+08   0.20726E-05  -0.81857E+10
  0.710   2.639   -0.69823E-08   0.49080E+07   0.21627E-08   0.56008E+08   0.36193E-05  -0.78528E+10
  0.744   2.702   -0.80272E-08   0.50461E+07   0.22387E-08   0.56439E+08   0.38003E-05  -0.80737E+10
  0.779   2.765   -0.77887E-08   0.50293E+07   0.22032E-08   0.56467E+08   0.39556E-05  -0.80469E+10
  0.815   2.827   -0.10859E-07   0.51211E+07   0.23316E-08   0.56757E+08   0.35429E-05  -0.81937E+10
  0.852   2.890   -0.11095E-07   0.50981E+07   0.19263E-08   0.56752E+08   0.35118E-05  -0.81570E+10
  0.889   2.953   -0.72777E-08   0.50799E+07   0.19277E-08   0.56786E+08   0.29212E-05  -0.81278E+10
  0.928   3.016   -0.10659E-07   0.51130E+07   0.18726E-08   0.56938E+08   0.26382E-05  -0.81808E+10
  0.967   3.079   -0.87195E-08   0.51460E+07   0.16696E-08   0.57070E+08   0.32929E-05  -0.82336E+10
  1.006   3.142   -0.98284E-08   0.51353E+07   0.16131E-08   0.57201E+08   0.19720E-05  -0.82164E+10
  1.047   3.204   -0.11761E-07   0.51904E+07   0.16333E-08   0.57385E+08   0.23977E-05  -0.83047E+10
  1.089   3.267   -0.13512E-07   0.52691E+07   0.19387E-08   0.57677E+08   0.27987E-05  -0.84305E+10
  1.131   3.330   -0.11037E-07   0.53471E+07   0.15418E-08   0.57909E+08   0.29737E-05  -0.85553E+10
  1.174   3.393   -0.77754E-08   0.53534E+07   0.19633E-08   0.57882E+08   0.29013E-05  -0.85654E+10
  1.218   3.456   -0.50548E-08   0.53191E+07   0.18180E-08   0.57774E+08   0.30512E-05  -0.85106E+10
  1.262   3.519   -0.91059E-08   0.53337E+07   0.18501E-08   0.57812E+08   0.32478E-05  -0.85340E+10
  1.308   3.581   -0.82752E-08   0.53263E+07   0.18088E-08   0.57834E+08   0.28111E-05  -0.85222E+10
  1.354   3.644   -0.78992E-08   0.53256E+07   0.17146E-08   0.57861E+08   0.29685E-05  -0.85209E+10
  1.401   3.707   -0.10421E-07   0.53468E+07   0.19037E-08   0.57925E+08   0.25549E-05  -0.85549E+10
  1.449   3.770   -0.10340E-07   0.53674E+07   0.22533E-08   0.58021E+08   0.31678E-05  -0.85878E+10
  1.498   3.833   -0.11612E-07   0.53787E+07   0.19355E-08   0.58085E+08   0.30571E-05  -0.86060E+10
  1.547   3.896   -0.10190E-07   0.54084E+07   0.17194E-08   0.58175E+08   0.35469E-05  -0.86535E+10
  1.598   3.958   -0.10946E-07   0.54367E+07   0.16797E-08   0.58268E+08   0.34241E-05  -0.86988E+10
  1.649   4.021   -0.10288E-07   0.54545E+07   0.16673E-08   0.58314E+08   0.29918E-05  -0.87272E+10
  1.701   4.084   -0.81509E-08   0.54496E+07   0.19271E-08   0.58291E+08   0.28672E-05  -0.87193E+10
  1.754   4.147   -0.88521E-08   0.54527E+07   0.19244E-08   0.58296E+08   0.33435E-05  -0.87244E+10
  1.807   4.210   -0.95055E-08   0.54436E+07   0.20340E-08   0.58279E+08   0.30416E-05  -0.87097E+10
  1.861   4.273   -0.94725E-08   0.54444E+07   0.16459E-08   0.58289E+08   0.28920E-05  -0.87110E+10
  1.917   4.335   -0.98738E-08   0.54520E+07   0.17216E-08   0.58328E+08   0.27608E-05  -0.87232E+10
  1.973   4.398   -0.94919E-08   0.54649E+07   0.18687E-08   0.58370E+08   0.29834E-05  -0.87438E+10
  2.029   4.461   -0.10284E-07   0.54822E+07   0.18680E-08   0.58428E+08   0.31179E-05  -0.87715E+10
  2.087   4.524   -0.10893E-07   0.54977E+07   0.18551E-08   0.58476E+08   0.30977E-05  -0.87963E+10
  2.145   4.587   -0.11672E-07   0.55077E+07   0.16348E-08   0.58504E+08   0.31749E-05  -0.88123E+10
  2.204   4.650   -0.94681E-08   0.55092E+07   0.15777E-08   0.58505E+08   0.25647E-05  -0.88147E+10
  2.264   4.712   -0.98075E-08   0.55061E+07   0.16952E-08   0.58495E+08   0.32997E-05  -0.88098E+10
  2.325   4.775   -0.10055E-07   0.55058E+07   0.18814E-08   0.58495E+08   0.33309E-05  -0.88093E+10
  2.387   4.838   -0.98489E-08   0.55076E+07   0.17055E-08   0.58504E+08   0.25736E-05  -0.88122E+10
  2.449   4.901   -0.97053E-08   0.55129E+07   0.19708E-08   0.58523E+08   0.28922E-05  -0.88206E+10
  2.512   4.964   -0.10342E-07   0.55210E+07   0.13796E-08   0.58551E+08   0.26887E-05  -0.88336E+10
  2.576   5.027   -0.97092E-08   0.55293E+07   0.19358E-08   0.58577E+08   0.31222E-05  -0.88469E+10
  2.641   5.089   -0.10395E-07   0.55362E+07   0.15070E-08   0.58598E+08   0.25492E-05  -0.88579E+10
  2.707   5.152   -0.97131E-08   0.55392E+07   0.18543E-08   0.58606E+08   0.30753E-05  -0.88628E+10
  2.773   5.215   -0.96927E-08   0.55395E+07   0.18934E-08   0.58606E+08   0.34025E-05  -0.88633E+10
  2.841   5.278   -0.99022E-08   0.55410E+07   0.20243E-08   0.58610E+08   0.32726E-05  -0.88656E+10
  2.909   5.341   -0.10606E-07   0.55425E+07   0.18259E-08   0.58616E+08   0.34531E-05  -0.88680E+10
  2.977   5.404   -0.96741E-08   0.55463E+07   0.18158E-08   0.58628E+08   0.30660E-05  -0.88741E+10
  3.047   5.466   -0.96171E-08   0.55506E+07   0.19698E-08   0.58642E+08   0.32618E-05  -0.88809E+10
  3.117   5.529   -0.92007E-08   0.55544E+07   0.21440E-08   0.58654E+08   0.28102E-05  -0.88871E+10
  3.189   5.592   -0.10871E-07   0.55569E+07   0.20287E-08   0.58661E+08   0.29401E-05  -0.88910E+10
  3.261   5.655   -0.10523E-07   0.55588E+07   0.16686E-08   0.58666E+08   0.28161E-05  -0.88941E+10
  3.334   5.718   -0.97662E-08   0.55604E+07   0.18879E-08   0.58671E+08   0.29974E-05  -0.88966E+10
  3.407   5.781   -0.10022E-07   0.55622E+07   0.20669E-08   0.58676E+08   0.28588E-05  -0.88995E+10
  3.482   5.843   -0.10514E-07   0.55646E+07   0.16592E-08   0.58684E+08   0.31988E-05  -0.89033E+10
  3.557   5.906   -0.97381E-08   0.55671E+07   0.20234E-08   0.58691E+08   0.26840E-05  -0.89073E+10
  3.633   5.969   -0.10013E-07   0.55694E+07   0.15373E-08   0.58698E+08   0.32648E-05  -0.89110E+10
  3.710   6.032   -0.10351E-07   0.55712E+07   0.17668E-08   0.58703E+08   0.33581E-05  -0.89140E+10
  3.788   6.095   -0.95314E-08   0.55729E+07   0.15568E-08   0.58708E+08   0.30082E-05  -0.89167E+10
  3.866   6.158   -0.98917E-08   0.55744E+07   0.17295E-08   0.58713E+08   0.35015E-05  -0.89191E+10
  3.946   6.220   -0.10611E-07   0.55763E+07   0.15975E-08   0.58718E+08   0.32827E-05  -0.89220E+10
  4.026   6.283   -0.10116E-07   0.55781E+07   0.20682E-08   0.58723E+08   0.31348E-05  -0.89249E+10
