  0.000   0.000    0.12099E+11   0.10372E+04  -0.30463E+03   0.49118E+06  -0.10809E+12   0.19375E+14
 -1.000  -1.000    0.90407E+10   0.75825E+03  -0.11822E+01   0.46303E+04  -0.94268E+11   0.14477E+14
  0.000   0.063    0.12111E+11   0.10382E+04  -0.30996E+03   0.49971E+06  -0.10809E+12   0.19395E+14
  0.002   0.126    0.12151E+11   0.10415E+04  -0.33169E+03   0.53447E+06  -0.10808E+12   0.19458E+14
  0.004   0.188    0.12223E+11   0.10475E+04  -0.38077E+03   0.61297E+06  -0.10798E+12   0.19574E+14
  0.006   0.251    0.12337E+11   0.10567E+04  -0.46834E+03   0.75304E+06  -0.10777E+12   0.19756E+14
  0.010   0.314    0.12489E+11   0.10682E+04  -0.59168E+03   0.95034E+06  -0.10762E+12   0.20000E+14
  0.014   0.377    0.12657E+11   0.10785E+04  -0.71046E+03   0.11404E+07  -0.10813E+12   0.20268E+14
  0.020   0.440    0.12791E+11   0.10822E+04  -0.71739E+03   0.11516E+07  -0.11021E+12   0.20483E+14
  0.026   0.503    0.12858E+11   0.10784E+04  -0.44458E+03   0.71538E+06  -0.11451E+12   0.20590E+14
  0.033   0.565    0.12909E+11   0.10805E+04   0.19299E+03  -0.30419E+06  -0.12073E+12   0.20673E+14
  0.040   0.628    0.13138E+11   0.11255E+04   0.87015E+03  -0.13868E+07  -0.12783E+12   0.21041E+14
  0.049   0.691    0.13843E+11   0.12650E+04   0.11096E+04  -0.17687E+07  -0.13448E+12   0.22169E+14
  0.058   0.754    0.15004E+11   0.14726E+04   0.10251E+04  -0.16326E+07  -0.13708E+12   0.24028E+14
  0.068   0.817    0.15241E+11   0.14653E+04   0.67154E+03  -0.10680E+07  -0.12870E+12   0.24406E+14
  0.079   0.880    0.14038E+11   0.12031E+04   0.55024E+02  -0.83404E+05  -0.11733E+12   0.22478E+14
  0.091   0.942    0.13367E+11   0.10702E+04  -0.22913E+03   0.37064E+06  -0.11539E+12   0.21404E+14
  0.103   1.005    0.14003E+11   0.12112E+04  -0.24130E+02   0.43579E+05  -0.12147E+12   0.22422E+14
  0.116   1.068    0.15412E+11   0.18123E+04   0.10644E+02  -0.82385E+04  -0.12864E+12   0.24677E+14
  0.130   1.131    0.11992E+11   0.13804E+04  -0.11556E+03   0.19010E+06  -0.10150E+12   0.19202E+14
  0.145   1.194    0.64362E+10  -0.11857E+03  -0.25001E+03   0.39664E+06  -0.67932E+11   0.10310E+14
  0.161   1.257    0.63443E+10  -0.31793E+02  -0.26059E+03   0.41474E+06  -0.70447E+11   0.10161E+14
  0.178   1.319    0.73158E+10   0.18518E+03   0.27265E+03  -0.43698E+06  -0.77826E+11   0.11717E+14
  0.195   1.382    0.97881E+10   0.21096E+04   0.27418E+03  -0.42975E+06  -0.90786E+11   0.15673E+14
  0.213   1.445    0.92495E+10   0.76505E+03  -0.27805E+02   0.46672E+05  -0.87761E+11   0.14809E+14
  0.232   1.508    0.68840E+10  -0.23721E+03  -0.18919E+02   0.28267E+05  -0.77776E+11   0.11023E+14
  0.252   1.571    0.68642E+10   0.61159E+03  -0.48680E+02   0.79644E+05  -0.78665E+11   0.10992E+14
  0.272   1.634    0.68743E+10   0.10675E+04  -0.17203E+01   0.63039E+04  -0.79516E+11   0.11009E+14
  0.293   1.696    0.57796E+10  -0.53902E+03   0.37552E+02  -0.62288E+05  -0.76485E+11   0.92563E+13
  0.316   1.759    0.66048E+10   0.58801E+03  -0.67585E+01   0.12607E+05  -0.80166E+11   0.10577E+14
  0.339   1.822    0.74534E+10   0.20773E+04  -0.13486E+03   0.22221E+06  -0.83383E+11   0.11935E+14
  0.362   1.885    0.76857E+10  -0.33344E+03   0.25878E+03  -0.41470E+06  -0.84766E+11   0.12307E+14
  0.387   1.948    0.66737E+10  -0.95039E+02   0.18683E+03  -0.29948E+06  -0.82596E+11   0.10687E+14
  0.412   2.011    0.69157E+10   0.11711E+04  -0.20844E+03   0.33718E+06  -0.83690E+11   0.11075E+14
  0.438   2.073    0.70422E+10   0.40511E+03  -0.65671E+02   0.10661E+06  -0.84594E+11   0.11277E+14
  0.465   2.136    0.71273E+10   0.94801E+03   0.74845E+02  -0.11705E+06  -0.85286E+11   0.11413E+14
  0.493   2.199    0.74869E+10   0.67793E+03   0.28202E+03  -0.44901E+06  -0.86524E+11   0.11989E+14
  0.522   2.262    0.74723E+10   0.35303E+02  -0.23400E+03   0.37528E+06  -0.86899E+11   0.11966E+14
  0.551   2.325    0.71684E+10   0.10797E+04   0.85292E+02  -0.13365E+06  -0.86921E+11   0.11479E+14
  0.581   2.388    0.74114E+10   0.53861E+03   0.58761E+02  -0.92648E+05  -0.87983E+11   0.11868E+14
  0.612   2.450    0.79116E+10   0.10922E+03   0.78040E+02  -0.12394E+06  -0.89930E+11   0.12669E+14
  0.644   2.513    0.80949E+10   0.10031E+04   0.27465E+02  -0.40075E+05  -0.90047E+11   0.12963E+14
  0.677   2.576    0.81856E+10   0.59238E+03   0.18209E+02  -0.27094E+05  -0.90222E+11   0.13108E+14
  0.710   2.639    0.78527E+10   0.85986E+03  -0.10694E+02   0.19887E+05  -0.89613E+11   0.12575E+14
  0.744   2.702    0.80736E+10   0.72086E+03  -0.86862E+01   0.16375E+05  -0.90301E+11   0.12929E+14
  0.779   2.765    0.80468E+10   0.60955E+03  -0.21771E+02   0.37011E+05  -0.90346E+11   0.12886E+14
  0.815   2.827    0.81936E+10   0.70890E+03  -0.61237E+02   0.10032E+06  -0.90811E+11   0.13121E+14
  0.852   2.890    0.81569E+10   0.85650E+03   0.45250E+02  -0.69538E+05  -0.90803E+11   0.13062E+14
  0.889   2.953    0.81277E+10   0.67392E+03   0.94266E+02  -0.14861E+06  -0.90858E+11   0.13015E+14
  0.928   3.016    0.81807E+10   0.59192E+03  -0.22337E+03   0.35982E+06  -0.91100E+11   0.13100E+14
  0.967   3.079    0.82335E+10   0.74512E+03   0.23711E+03  -0.37717E+06  -0.91311E+11   0.13185E+14
  1.006   3.142    0.82164E+10   0.65962E+03   0.37850E+02  -0.57872E+05  -0.91520E+11   0.13157E+14
  1.047   3.204    0.83046E+10   0.61185E+03  -0.16320E+03   0.26346E+06  -0.91815E+11   0.13299E+14
  1.089   3.267    0.84304E+10   0.42550E+03   0.62673E+02  -0.99046E+05  -0.92282E+11   0.13500E+14
  1.131   3.330    0.85552E+10   0.62984E+03   0.62525E+01  -0.76840E+04  -0.92653E+11   0.13700E+14
  1.174   3.393    0.85654E+10   0.17790E+03  -0.13639E+03   0.21909E+06  -0.92610E+11   0.13716E+14
  1.218   3.456    0.85104E+10   0.61030E+03   0.16989E+03  -0.26975E+06  -0.92437E+11   0.13628E+14
  1.262   3.519    0.85337E+10   0.18192E+04   0.97946E+03  -0.15618E+07  -0.92498E+11   0.13665E+14
  1.308   3.581    0.85223E+10   0.73890E+03  -0.63376E+03   0.10168E+07  -0.92534E+11   0.13647E+14
  1.354   3.644    0.85208E+10  -0.27484E+03  -0.22871E+04   0.36601E+07  -0.92577E+11   0.13645E+14
  1.401   3.707    0.85547E+10   0.87032E+03   0.33563E+03  -0.53500E+06  -0.92679E+11   0.13699E+14
  1.449   3.770    0.85877E+10   0.84386E+03   0.21069E+04  -0.33696E+07  -0.92833E+11   0.13752E+14
  1.498   3.833    0.86058E+10   0.62363E+03   0.50117E+03  -0.79950E+06  -0.92934E+11   0.13781E+14
  1.547   3.896    0.86533E+10   0.11487E+04  -0.34877E+03   0.56257E+06  -0.93078E+11   0.13857E+14
  1.598   3.958    0.86987E+10   0.98172E+03  -0.11244E+03   0.18354E+06  -0.93228E+11   0.13930E+14
  1.649   4.021    0.87271E+10   0.79638E+03   0.34268E+02  -0.51986E+05  -0.93301E+11   0.13975E+14
  1.701   4.084    0.87191E+10   0.86055E+03   0.10439E+03  -0.16400E+06  -0.93264E+11   0.13962E+14
  1.754   4.147    0.87242E+10   0.10979E+04   0.34020E+03  -0.54069E+06  -0.93273E+11   0.13971E+14
  1.807   4.210    0.87096E+10   0.62287E+03  -0.74394E+02   0.12129E+06  -0.93246E+11   0.13947E+14
  1.861   4.273    0.87109E+10   0.10509E+04   0.11331E+03  -0.17787E+06  -0.93262E+11   0.13949E+14
  1.917   4.335    0.87231E+10   0.54899E+03  -0.72890E+01   0.13692E+05  -0.93323E+11   0.13969E+14
  1.973   4.398    0.87437E+10   0.78652E+03   0.32573E+03  -0.51856E+06  -0.93391E+11   0.14002E+14
  2.029   4.461    0.87714E+10   0.66060E+03   0.91930E+02  -0.14477E+06  -0.93484E+11   0.14046E+14
  2.087   4.524    0.87962E+10   0.59265E+03   0.10643E+03  -0.16813E+06  -0.93561E+11   0.14086E+14
  2.145   4.587    0.88122E+10   0.75121E+03  -0.98952E+02   0.16102E+06  -0.93605E+11   0.14111E+14
  2.204   4.650    0.88146E+10   0.91819E+03   0.19008E+03  -0.30098E+06  -0.93607E+11   0.14115E+14
  2.264   4.712    0.88096E+10   0.60424E+03  -0.24831E+03   0.39963E+06  -0.93590E+11   0.14107E+14
  2.325   4.775    0.88092E+10   0.12353E+04   0.29866E+03  -0.47389E+06  -0.93592E+11   0.14107E+14
  2.387   4.838    0.88120E+10   0.18178E+03  -0.26311E+03   0.42222E+06  -0.93605E+11   0.14111E+14
  2.449   4.901    0.88205E+10   0.11977E+04   0.11017E+03  -0.17234E+06  -0.93637E+11   0.14125E+14
  2.512   4.964    0.88335E+10   0.41427E+03   0.26422E+02  -0.40524E+05  -0.93681E+11   0.14146E+14
  2.576   5.027    0.88468E+10   0.83239E+03  -0.21780E+03   0.35139E+06  -0.93723E+11   0.14167E+14
  2.641   5.089    0.88579E+10   0.76569E+03   0.30797E+03  -0.49001E+06  -0.93756E+11   0.14185E+14
  2.707   5.152    0.88626E+10   0.88776E+03  -0.24339E+03   0.39247E+06  -0.93768E+11   0.14192E+14
  2.773   5.215    0.88633E+10   0.28233E+03   0.96560E+02  -0.15296E+06  -0.93769E+11   0.14193E+14
  2.841   5.278    0.88654E+10   0.16951E+04   0.22293E+02  -0.30619E+05  -0.93775E+11   0.14197E+14
  2.909   5.341    0.88679E+10  -0.32688E+03   0.11371E+01  -0.17880E+04  -0.93785E+11   0.14201E+14
  2.977   5.404    0.88740E+10   0.16458E+04  -0.12253E+03   0.20086E+06  -0.93805E+11   0.14210E+14
  3.047   5.466    0.88808E+10   0.25528E+03   0.28848E+03  -0.46006E+06  -0.93827E+11   0.14221E+14
  3.117   5.529    0.88868E+10   0.82916E+03  -0.33597E+03   0.54043E+06  -0.93845E+11   0.14231E+14
  3.189   5.592    0.88911E+10   0.76801E+03   0.31662E+03  -0.50384E+06  -0.93857E+11   0.14238E+14
  3.261   5.655    0.88938E+10   0.91669E+03  -0.41345E+03   0.66458E+06  -0.93865E+11   0.14242E+14
  3.334   5.718    0.88966E+10   0.47793E+03   0.67162E+03  -0.10724E+07  -0.93873E+11   0.14247E+14
  3.407   5.781    0.88995E+10   0.98422E+03  -0.77985E+03   0.12509E+07  -0.93881E+11   0.14251E+14
  3.482   5.843    0.89032E+10   0.67845E+03   0.50126E+03  -0.79941E+06  -0.93893E+11   0.14257E+14
  3.557   5.906    0.89071E+10   0.75220E+03  -0.88305E+02   0.14401E+06  -0.93905E+11   0.14264E+14
  3.633   5.969    0.89110E+10   0.74071E+03  -0.71531E+01   0.14109E+05  -0.93916E+11   0.14270E+14
  3.710   6.032    0.89139E+10   0.73472E+03  -0.19885E+03   0.32079E+06  -0.93925E+11   0.14274E+14
  3.788   6.095    0.89164E+10   0.80196E+03   0.18498E+03  -0.29308E+06  -0.93932E+11   0.14278E+14
  3.866   6.158    0.89190E+10   0.80157E+03   0.19254E+03  -0.30517E+06  -0.93939E+11   0.14283E+14
  3.946   6.220    0.89219E+10   0.60620E+03  -0.39422E+03   0.63300E+06  -0.93948E+11   0.14287E+14
  4.026   6.283    0.89249E+10   0.83810E+03   0.18067E+03  -0.28611E+06  -0.93956E+11   0.14292E+14
