  0.000   0.000    0.75617E+07   0.25798E-08  -0.19039E+00   0.30463E+03  -0.67555E+08   0.12099E+11
 -1.000  -1.000    0.56504E+07   0.54603E-08  -0.73885E-03   0.11822E+01  -0.58918E+08   0.90407E+10
  0.000   0.063    0.75695E+07   0.44770E-08  -0.19372E+00   0.30996E+03  -0.67557E+08   0.12111E+11
  0.002   0.126    0.75942E+07   0.39486E-08  -0.20731E+00   0.33169E+03  -0.67548E+08   0.12151E+11
  0.004   0.188    0.76396E+07   0.29027E-08  -0.23798E+00   0.38077E+03  -0.67488E+08   0.12223E+11
  0.006   0.251    0.77105E+07   0.28504E-08  -0.29271E+00   0.46834E+03  -0.67356E+08   0.12337E+11
  0.010   0.314    0.78057E+07   0.27121E-08  -0.36980E+00   0.59168E+03  -0.67264E+08   0.12489E+11
  0.014   0.377    0.79104E+07   0.17994E-08  -0.44404E+00   0.71046E+03  -0.67582E+08   0.12657E+11
  0.020   0.440    0.79942E+07   0.32273E-08  -0.44837E+00   0.71739E+03  -0.68882E+08   0.12791E+11
  0.026   0.503    0.80360E+07   0.31860E-08  -0.27786E+00   0.44458E+03  -0.71567E+08   0.12858E+11
  0.033   0.565    0.80681E+07   0.41653E-08   0.12062E+00  -0.19299E+03  -0.75457E+08   0.12909E+11
  0.040   0.628    0.82114E+07   0.28454E-08   0.54385E+00  -0.87015E+03  -0.79893E+08   0.13138E+11
  0.049   0.691    0.86517E+07  -0.53160E-09   0.69351E+00  -0.11096E+04  -0.84047E+08   0.13843E+11
  0.058   0.754    0.93775E+07  -0.34773E-08   0.64071E+00  -0.10251E+04  -0.85676E+08   0.15004E+11
  0.068   0.817    0.95258E+07   0.55934E-09   0.41971E+00  -0.67154E+03  -0.80438E+08   0.15241E+11
  0.079   0.880    0.87735E+07   0.77243E-08   0.34390E-01  -0.55024E+02  -0.73330E+08   0.14038E+11
  0.091   0.942    0.83545E+07   0.10477E-07  -0.14321E+00   0.22913E+03  -0.72120E+08   0.13367E+11
  0.103   1.005    0.87519E+07   0.10971E-07  -0.15081E-01   0.24130E+02  -0.75919E+08   0.14003E+11
  0.116   1.068    0.96325E+07   0.81608E-08   0.66526E-02  -0.10644E+02  -0.80397E+08   0.15412E+11
  0.130   1.131    0.74947E+07   0.13115E-08  -0.72223E-01   0.11556E+03  -0.63438E+08   0.11992E+11
  0.145   1.194    0.40227E+07   0.88166E-08  -0.15625E+00   0.25001E+03  -0.42458E+08   0.64362E+10
  0.161   1.257    0.39652E+07   0.13782E-07  -0.16287E+00   0.26059E+03  -0.44030E+08   0.63443E+10
  0.178   1.319    0.45724E+07   0.13911E-07   0.17040E+00  -0.27265E+03  -0.48641E+08   0.73158E+10
  0.195   1.382    0.61176E+07   0.17798E-07   0.17136E+00  -0.27418E+03  -0.56741E+08   0.97881E+10
  0.213   1.445    0.57809E+07   0.76398E-10  -0.17378E-01   0.27805E+02  -0.54851E+08   0.92495E+10
  0.232   1.508    0.43025E+07   0.47999E-08  -0.11824E-01   0.18919E+02  -0.48610E+08   0.68840E+10
  0.252   1.571    0.42902E+07   0.86184E-08  -0.30425E-01   0.48680E+02  -0.49166E+08   0.68642E+10
  0.272   1.634    0.42964E+07   0.36047E-08  -0.10752E-02   0.17204E+01  -0.49697E+08   0.68743E+10
  0.293   1.696    0.36123E+07   0.59385E-08   0.23470E-01  -0.37552E+02  -0.47803E+08   0.57796E+10
  0.316   1.759    0.41280E+07   0.10492E-07  -0.42241E-02   0.67585E+01  -0.50104E+08   0.66048E+10
  0.339   1.822    0.46584E+07   0.11071E-07  -0.84285E-01   0.13486E+03  -0.52115E+08   0.74534E+10
  0.362   1.885    0.48036E+07   0.41837E-09   0.16174E+00  -0.25878E+03  -0.52978E+08   0.76857E+10
  0.387   1.948    0.41711E+07   0.39036E-08   0.11677E+00  -0.18683E+03  -0.51622E+08   0.66737E+10
  0.412   2.011    0.43223E+07   0.81932E-08  -0.13027E+00   0.20844E+03  -0.52306E+08   0.69157E+10
  0.438   2.073    0.44014E+07   0.42819E-08  -0.41044E-01   0.65671E+02  -0.52871E+08   0.70422E+10
  0.465   2.136    0.44546E+07   0.79594E-08   0.46778E-01  -0.74845E+02  -0.53304E+08   0.71273E+10
  0.493   2.199    0.46793E+07   0.61749E-08   0.17626E+00  -0.28202E+03  -0.54077E+08   0.74869E+10
  0.522   2.262    0.46702E+07   0.34887E-08  -0.14625E+00   0.23400E+03  -0.54312E+08   0.74723E+10
  0.551   2.325    0.44803E+07   0.84166E-08   0.53307E-01  -0.85292E+02  -0.54326E+08   0.71684E+10
  0.581   2.388    0.46321E+07   0.16191E-08   0.36725E-01  -0.58761E+02  -0.54989E+08   0.74114E+10
  0.612   2.450    0.49447E+07  -0.10258E-07   0.48775E-01  -0.78040E+02  -0.56206E+08   0.79116E+10
  0.644   2.513    0.50593E+07   0.16296E-07   0.17166E-01  -0.27465E+02  -0.56280E+08   0.80949E+10
  0.677   2.576    0.51160E+07   0.89967E-08   0.11381E-01  -0.18209E+02  -0.56389E+08   0.81856E+10
  0.710   2.639    0.49080E+07   0.76127E-08  -0.66839E-02   0.10694E+02  -0.56008E+08   0.78527E+10
  0.744   2.702    0.50460E+07   0.71934E-08  -0.54289E-02   0.86862E+01  -0.56438E+08   0.80736E+10
  0.779   2.765    0.50292E+07   0.73153E-08  -0.13607E-01   0.21771E+02  -0.56466E+08   0.80468E+10
  0.815   2.827    0.51210E+07   0.57715E-08  -0.38273E-01   0.61237E+02  -0.56757E+08   0.81936E+10
  0.852   2.890    0.50980E+07   0.22462E-08   0.28281E-01  -0.45250E+02  -0.56752E+08   0.81569E+10
  0.889   2.953    0.50798E+07   0.69549E-08   0.58916E-01  -0.94266E+02  -0.56786E+08   0.81277E+10
  0.928   3.016    0.51130E+07   0.37492E-08  -0.13961E+00   0.22337E+03  -0.56937E+08   0.81807E+10
  0.967   3.079    0.51460E+07   0.63584E-08   0.14819E+00  -0.23711E+03  -0.57069E+08   0.82335E+10
  1.006   3.142    0.51352E+07   0.48179E-08   0.23656E-01  -0.37850E+02  -0.57200E+08   0.82164E+10
  1.047   3.204    0.51904E+07   0.32669E-08  -0.10200E+00   0.16320E+03  -0.57385E+08   0.83046E+10
  1.089   3.267    0.52690E+07   0.11981E-08   0.39171E-01  -0.62673E+02  -0.57676E+08   0.84304E+10
  1.131   3.330    0.53470E+07   0.47496E-08   0.39078E-02  -0.62525E+01  -0.57908E+08   0.85552E+10
  1.174   3.393    0.53534E+07   0.62713E-08  -0.85244E-01   0.13639E+03  -0.57882E+08   0.85654E+10
  1.218   3.456    0.53190E+07   0.98651E-08   0.10618E+00  -0.16989E+03  -0.57773E+08   0.85104E+10
  1.262   3.519    0.53336E+07   0.62290E-08   0.61216E+00  -0.97946E+03  -0.57810E+08   0.85337E+10
  1.308   3.581    0.53264E+07   0.77598E-08  -0.39610E+00   0.63376E+03  -0.57835E+08   0.85223E+10
  1.354   3.644    0.53255E+07   0.68315E-08  -0.14294E+01   0.22871E+04  -0.57863E+08   0.85208E+10
  1.401   3.707    0.53467E+07   0.53589E-08   0.20977E+00  -0.33563E+03  -0.57924E+08   0.85547E+10
  1.449   3.770    0.53673E+07   0.58280E-08   0.13168E+01  -0.21069E+04  -0.58019E+08   0.85877E+10
  1.498   3.833    0.53786E+07   0.38782E-08   0.31323E+00  -0.50117E+03  -0.58083E+08   0.86058E+10
  1.547   3.896    0.54083E+07   0.56752E-08  -0.21798E+00   0.34877E+03  -0.58174E+08   0.86533E+10
  1.598   3.958    0.54367E+07   0.48183E-08  -0.70277E-01   0.11244E+03  -0.58268E+08   0.86987E+10
  1.649   4.021    0.54544E+07   0.62998E-08   0.21417E-01  -0.34268E+02  -0.58313E+08   0.87271E+10
  1.701   4.084    0.54494E+07   0.72482E-08   0.65247E-01  -0.10439E+03  -0.58290E+08   0.87191E+10
  1.754   4.147    0.54526E+07   0.64592E-08   0.21263E+00  -0.34020E+03  -0.58295E+08   0.87242E+10
  1.807   4.210    0.54435E+07   0.55759E-08  -0.46496E-01   0.74394E+02  -0.58279E+08   0.87096E+10
  1.861   4.273    0.54443E+07   0.59613E-08   0.70816E-01  -0.11331E+03  -0.58288E+08   0.87109E+10
  1.917   4.335    0.54520E+07   0.61144E-08  -0.45556E-02   0.72890E+01  -0.58327E+08   0.87231E+10
  1.973   4.398    0.54648E+07   0.45526E-08   0.20358E+00  -0.32573E+03  -0.58369E+08   0.87437E+10
  2.029   4.461    0.54821E+07   0.55882E-08   0.57456E-01  -0.91930E+02  -0.58428E+08   0.87714E+10
  2.087   4.524    0.54976E+07   0.38901E-08   0.66518E-01  -0.10643E+03  -0.58476E+08   0.87962E+10
  2.145   4.587    0.55076E+07   0.55196E-08  -0.61845E-01   0.98952E+02  -0.58503E+08   0.88122E+10
  2.204   4.650    0.55091E+07   0.61611E-08   0.11880E+00  -0.19008E+03  -0.58504E+08   0.88146E+10
  2.264   4.712    0.55060E+07   0.57610E-08  -0.15519E+00   0.24831E+03  -0.58494E+08   0.88096E+10
  2.325   4.775    0.55058E+07   0.59836E-08   0.18667E+00  -0.29866E+03  -0.58494E+08   0.88092E+10
  2.387   4.838    0.55075E+07   0.57574E-08  -0.16444E+00   0.26311E+03  -0.58504E+08   0.88120E+10
  2.449   4.901    0.55128E+07   0.59758E-08   0.68859E-01  -0.11017E+03  -0.58523E+08   0.88205E+10
  2.512   4.964    0.55209E+07   0.48261E-08   0.16514E-01  -0.26422E+02  -0.58551E+08   0.88335E+10
  2.576   5.027    0.55292E+07   0.61423E-08  -0.13612E+00   0.21780E+03  -0.58577E+08   0.88468E+10
  2.641   5.089    0.55362E+07   0.57157E-08   0.19248E+00  -0.30797E+03  -0.58597E+08   0.88579E+10
  2.707   5.152    0.55391E+07   0.62937E-08  -0.15212E+00   0.24339E+03  -0.58605E+08   0.88626E+10
  2.773   5.215    0.55396E+07   0.60122E-08   0.60350E-01  -0.96560E+02  -0.58605E+08   0.88633E+10
  2.841   5.278    0.55409E+07   0.56792E-08   0.13933E-01  -0.22293E+02  -0.58610E+08   0.88654E+10
  2.909   5.341    0.55425E+07   0.48682E-08   0.71070E-03  -0.11371E+01  -0.58616E+08   0.88679E+10
  2.977   5.404    0.55463E+07   0.59984E-08  -0.76579E-01   0.12253E+03  -0.58628E+08   0.88740E+10
  3.047   5.466    0.55505E+07   0.66606E-08   0.18030E+00  -0.28848E+03  -0.58641E+08   0.88808E+10
  3.117   5.529    0.55543E+07   0.71560E-08  -0.20998E+00   0.33597E+03  -0.58653E+08   0.88868E+10
  3.189   5.592    0.55569E+07   0.53776E-08   0.19789E+00  -0.31662E+03  -0.58660E+08   0.88911E+10
  3.261   5.655    0.55586E+07   0.51053E-08  -0.25840E+00   0.41345E+03  -0.58666E+08   0.88938E+10
  3.334   5.718    0.55603E+07   0.57103E-08   0.41976E+00  -0.67162E+03  -0.58670E+08   0.88966E+10
  3.407   5.781    0.55622E+07   0.58667E-08  -0.48741E+00   0.77985E+03  -0.58677E+08   0.88995E+10
  3.482   5.843    0.55645E+07   0.59264E-08   0.31329E+00  -0.50126E+03  -0.58683E+08   0.89032E+10
  3.557   5.906    0.55670E+07   0.60646E-08  -0.55190E-01   0.88305E+02  -0.58691E+08   0.89071E+10
  3.633   5.969    0.55694E+07   0.59907E-08  -0.44707E-02   0.71531E+01  -0.58698E+08   0.89110E+10
  3.710   6.032    0.55712E+07   0.49290E-08  -0.12428E+00   0.19885E+03  -0.58703E+08   0.89139E+10
  3.788   6.095    0.55727E+07   0.58832E-08   0.11561E+00  -0.18498E+03  -0.58707E+08   0.89164E+10
  3.866   6.158    0.55744E+07   0.60558E-08   0.12034E+00  -0.19254E+03  -0.58712E+08   0.89190E+10
  3.946   6.220    0.55762E+07   0.50424E-08  -0.24639E+00   0.39422E+03  -0.58718E+08   0.89219E+10
  4.026   6.283    0.55780E+07   0.61355E-08   0.11292E+00  -0.18067E+03  -0.58723E+08   0.89249E+10
