  0.000   0.000    0.44568E+03   0.67690E+08  -0.36294E+10   0.58099E+13  -0.58070E+13  -0.10830E+12
 -1.000  -1.000    0.60037E+02   0.59045E+08  -0.29284E+10   0.46883E+13  -0.46855E+13  -0.94471E+11
  0.000   0.063    0.45312E+03   0.67693E+08  -0.36908E+10   0.59081E+13  -0.59052E+13  -0.10831E+12
  0.002   0.126    0.47825E+03   0.67685E+08  -0.37473E+10   0.59987E+13  -0.59958E+13  -0.10830E+12
  0.004   0.188    0.52997E+03   0.67628E+08  -0.37158E+10   0.59482E+13  -0.59453E+13  -0.10820E+12
  0.006   0.251    0.61936E+03   0.67502E+08  -0.35638E+10   0.57050E+13  -0.57021E+13  -0.10800E+12
  0.010   0.314    0.74658E+03   0.67420E+08  -0.33045E+10   0.52901E+13  -0.52871E+13  -0.10787E+12
  0.014   0.377    0.88088E+03   0.67748E+08  -0.29918E+10   0.47899E+13  -0.47869E+13  -0.10840E+12
  0.020   0.440    0.92895E+03   0.69046E+08  -0.27028E+10   0.43274E+13  -0.43245E+13  -0.11047E+12
  0.026   0.503    0.71504E+03   0.71703E+08  -0.25163E+10   0.40290E+13  -0.40261E+13  -0.11472E+12
  0.033   0.565    0.10534E+03   0.75530E+08  -0.24843E+10   0.39778E+13  -0.39748E+13  -0.12085E+12
  0.040   0.628   -0.65557E+03   0.79879E+08  -0.25823E+10   0.41346E+13  -0.41317E+13  -0.12781E+12
  0.049   0.691   -0.11209E+04   0.83969E+08  -0.26998E+10   0.43226E+13  -0.43197E+13  -0.13435E+12
  0.058   0.754   -0.12552E+04   0.85640E+08  -0.27612E+10   0.44207E+13  -0.44178E+13  -0.13703E+12
  0.068   0.817   -0.83210E+03   0.80546E+08  -0.27800E+10   0.44508E+13  -0.44480E+13  -0.12887E+12
  0.079   0.880   -0.10147E+02   0.73471E+08  -0.27856E+10   0.44598E+13  -0.44570E+13  -0.11755E+12
  0.091   0.942    0.21258E+03   0.72163E+08  -0.27887E+10   0.44647E+13  -0.44619E+13  -0.11546E+12
  0.103   1.005   -0.34565E+03   0.75851E+08  -0.28060E+10   0.44924E+13  -0.44896E+13  -0.12136E+12
  0.116   1.068   -0.47978E+03   0.80309E+08  -0.28283E+10   0.45282E+13  -0.45253E+13  -0.12849E+12
  0.130   1.131    0.18250E+03   0.63612E+08  -0.28422E+10   0.45502E+13  -0.45475E+13  -0.10178E+12
  0.145   1.194    0.72487E+03   0.42810E+08  -0.28531E+10   0.45676E+13  -0.45650E+13  -0.68494E+11
  0.161   1.257    0.70311E+03   0.44294E+08  -0.28613E+10   0.45808E+13  -0.45781E+13  -0.70869E+11
  0.178   1.319   -0.19126E+03   0.48809E+08  -0.28683E+10   0.45920E+13  -0.45893E+13  -0.78094E+11
  0.195   1.382   -0.42214E+03   0.56845E+08  -0.28761E+10   0.46045E+13  -0.46018E+13  -0.90952E+11
  0.213   1.445   -0.50993E+02   0.55029E+08  -0.28820E+10   0.46139E+13  -0.46112E+13  -0.88047E+11
  0.232   1.508    0.82363E+02   0.48862E+08  -0.28867E+10   0.46215E+13  -0.46188E+13  -0.78179E+11
  0.252   1.571    0.97466E+02   0.49432E+08  -0.28906E+10   0.46277E+13  -0.46250E+13  -0.79091E+11
  0.272   1.634    0.50704E+02   0.49984E+08  -0.28939E+10   0.46329E+13  -0.46302E+13  -0.79974E+11
  0.293   1.696    0.45098E+02   0.48050E+08  -0.28966E+10   0.46372E+13  -0.46345E+13  -0.76880E+11
  0.316   1.759    0.12470E+02   0.50390E+08  -0.28988E+10   0.46408E+13  -0.46381E+13  -0.80623E+11
  0.339   1.822    0.54533E+01   0.52531E+08  -0.29007E+10   0.46439E+13  -0.46412E+13  -0.84050E+11
  0.362   1.885    0.79051E+02   0.53289E+08  -0.29024E+10   0.46465E+13  -0.46438E+13  -0.85261E+11
  0.387   1.948    0.34445E+02   0.51850E+08  -0.29039E+10   0.46490E+13  -0.46462E+13  -0.82959E+11
  0.412   2.011    0.50759E+02   0.52631E+08  -0.29051E+10   0.46509E+13  -0.46482E+13  -0.84209E+11
  0.438   2.073    0.27259E+02   0.53167E+08  -0.29062E+10   0.46526E+13  -0.46499E+13  -0.85067E+11
  0.465   2.136    0.49284E+02   0.53597E+08  -0.29072E+10   0.46542E+13  -0.46515E+13  -0.85756E+11
  0.493   2.199    0.39432E+02   0.54389E+08  -0.29081E+10   0.46557E+13  -0.46529E+13  -0.87022E+11
  0.522   2.262    0.41401E+02   0.54607E+08  -0.29089E+10   0.46570E+13  -0.46543E+13  -0.87371E+11
  0.551   2.325    0.46006E+02   0.54435E+08  -0.29097E+10   0.46582E+13  -0.46555E+13  -0.87097E+11
  0.581   2.388    0.50561E+02   0.54963E+08  -0.29104E+10   0.46594E+13  -0.46566E+13  -0.87940E+11
  0.612   2.450    0.47035E+02   0.55761E+08  -0.29111E+10   0.46605E+13  -0.46577E+13  -0.89217E+11
  0.644   2.513    0.54015E+02   0.56138E+08  -0.29117E+10   0.46615E+13  -0.46587E+13  -0.89821E+11
  0.677   2.576    0.35596E+02   0.56382E+08  -0.29123E+10   0.46624E+13  -0.46597E+13  -0.90211E+11
  0.710   2.639    0.55367E+02   0.56154E+08  -0.29129E+10   0.46633E+13  -0.46606E+13  -0.89846E+11
  0.744   2.702    0.38569E+02   0.56518E+08  -0.29134E+10   0.46642E+13  -0.46614E+13  -0.90428E+11
  0.779   2.765    0.66957E+02   0.56611E+08  -0.29139E+10   0.46650E+13  -0.46622E+13  -0.90577E+11
  0.815   2.827    0.16097E+02   0.56864E+08  -0.29144E+10   0.46658E+13  -0.46630E+13  -0.90982E+11
  0.852   2.890    0.68912E+02   0.56931E+08  -0.29149E+10   0.46665E+13  -0.46638E+13  -0.91089E+11
  0.889   2.953    0.50084E+02   0.56992E+08  -0.29153E+10   0.46672E+13  -0.46645E+13  -0.91188E+11
  0.928   3.016    0.73464E+02   0.57129E+08  -0.29157E+10   0.46679E+13  -0.46651E+13  -0.91406E+11
  0.967   3.079    0.15644E+02   0.57257E+08  -0.29161E+10   0.46686E+13  -0.46658E+13  -0.91611E+11
  1.006   3.142    0.50397E+02   0.57314E+08  -0.29165E+10   0.46692E+13  -0.46664E+13  -0.91702E+11
  1.047   3.204    0.44261E+02   0.57463E+08  -0.29169E+10   0.46698E+13  -0.46670E+13  -0.91940E+11
  1.089   3.267    0.16949E+03   0.57635E+08  -0.29172E+10   0.46703E+13  -0.46676E+13  -0.92216E+11
  1.131   3.330    0.14641E+03   0.57804E+08  -0.29176E+10   0.46709E+13  -0.46681E+13  -0.92487E+11
  1.174   3.393   -0.40373E+03   0.57861E+08  -0.29179E+10   0.46714E+13  -0.46686E+13  -0.92579E+11
  1.218   3.456    0.19703E+03   0.57862E+08  -0.29182E+10   0.46719E+13  -0.46691E+13  -0.92578E+11
  1.262   3.519    0.51777E+03   0.57927E+08  -0.29185E+10   0.46724E+13  -0.46696E+13  -0.92682E+11
  1.308   3.581   -0.98569E+02   0.57956E+08  -0.29188E+10   0.46729E+13  -0.46701E+13  -0.92730E+11
  1.354   3.644   -0.10466E+03   0.57994E+08  -0.29191E+10   0.46733E+13  -0.46705E+13  -0.92791E+11
  1.401   3.707    0.70150E+02   0.58058E+08  -0.29193E+10   0.46737E+13  -0.46710E+13  -0.92893E+11
  1.449   3.770    0.10433E+02   0.58119E+08  -0.29196E+10   0.46741E+13  -0.46714E+13  -0.92990E+11
  1.498   3.833    0.10251E+03   0.58164E+08  -0.29198E+10   0.46745E+13  -0.46718E+13  -0.93063E+11
  1.547   3.896   -0.25530E+03   0.58232E+08  -0.29201E+10   0.46749E+13  -0.46721E+13  -0.93172E+11
  1.598   3.958   -0.49398E+03   0.58295E+08  -0.29203E+10   0.46753E+13  -0.46725E+13  -0.93272E+11
  1.649   4.021   -0.79352E+02   0.58343E+08  -0.29205E+10   0.46756E+13  -0.46728E+13  -0.93348E+11
  1.701   4.084    0.24908E+03   0.58359E+08  -0.29207E+10   0.46759E+13  -0.46732E+13  -0.93374E+11
  1.754   4.147    0.33181E+03   0.58385E+08  -0.29209E+10   0.46763E+13  -0.46735E+13  -0.93415E+11
  1.807   4.210    0.33988E+01   0.58392E+08  -0.29211E+10   0.46766E+13  -0.46738E+13  -0.93427E+11
  1.861   4.273    0.96341E+02   0.58412E+08  -0.29213E+10   0.46769E+13  -0.46741E+13  -0.93459E+11
  1.917   4.335    0.64782E+02   0.58439E+08  -0.29215E+10   0.46772E+13  -0.46744E+13  -0.93502E+11
  1.973   4.398    0.30498E+02   0.58472E+08  -0.29217E+10   0.46775E+13  -0.46747E+13  -0.93555E+11
  2.029   4.461    0.20345E+03   0.58510E+08  -0.29218E+10   0.46777E+13  -0.46750E+13  -0.93615E+11
  2.087   4.524    0.30323E+03   0.58543E+08  -0.29220E+10   0.46780E+13  -0.46752E+13  -0.93669E+11
  2.145   4.587    0.14044E+03   0.58570E+08  -0.29222E+10   0.46782E+13  -0.46755E+13  -0.93711E+11
  2.204   4.650    0.35377E+03   0.58584E+08  -0.29223E+10   0.46785E+13  -0.46757E+13  -0.93734E+11
  2.264   4.712   -0.11900E+03   0.58592E+08  -0.29225E+10   0.46787E+13  -0.46759E+13  -0.93747E+11
  2.325   4.775    0.22363E+03   0.58603E+08  -0.29226E+10   0.46789E+13  -0.46762E+13  -0.93764E+11
  2.387   4.838    0.25603E+02   0.58615E+08  -0.29227E+10   0.46792E+13  -0.46764E+13  -0.93785E+11
  2.449   4.901   -0.41391E+02   0.58632E+08  -0.29229E+10   0.46794E+13  -0.46766E+13  -0.93811E+11
  2.512   4.964    0.20292E+03   0.58652E+08  -0.29230E+10   0.46796E+13  -0.46768E+13  -0.93842E+11
  2.576   5.027   -0.90862E+02   0.58671E+08  -0.29231E+10   0.46798E+13  -0.46770E+13  -0.93873E+11
  2.641   5.089   -0.37674E+02   0.58688E+08  -0.29232E+10   0.46800E+13  -0.46772E+13  -0.93901E+11
  2.707   5.152    0.36148E+03   0.58699E+08  -0.29234E+10   0.46801E+13  -0.46774E+13  -0.93919E+11
  2.773   5.215   -0.41918E+03   0.58707E+08  -0.29235E+10   0.46803E+13  -0.46775E+13  -0.93932E+11
  2.841   5.278    0.44553E+03   0.58716E+08  -0.29236E+10   0.46805E+13  -0.46777E+13  -0.93945E+11
  2.909   5.341    0.22249E+02   0.58725E+08  -0.29237E+10   0.46807E+13  -0.46779E+13  -0.93959E+11
  2.977   5.404   -0.33539E+03   0.58736E+08  -0.29238E+10   0.46808E+13  -0.46781E+13  -0.93978E+11
  3.047   5.466    0.65765E+03   0.58747E+08  -0.29239E+10   0.46810E+13  -0.46782E+13  -0.93994E+11
  3.117   5.529   -0.37212E+03   0.58758E+08  -0.29240E+10   0.46811E+13  -0.46784E+13  -0.94013E+11
  3.189   5.592    0.59470E+02   0.58766E+08  -0.29241E+10   0.46813E+13  -0.46785E+13  -0.94025E+11
  3.261   5.655    0.36351E+03   0.58774E+08  -0.29242E+10   0.46814E+13  -0.46787E+13  -0.94037E+11
  3.334   5.718   -0.21744E+03   0.58780E+08  -0.29242E+10   0.46816E+13  -0.46788E+13  -0.94049E+11
  3.407   5.781    0.10112E+03   0.58787E+08  -0.29243E+10   0.46817E+13  -0.46789E+13  -0.94060E+11
  3.482   5.843    0.13309E+03   0.58795E+08  -0.29244E+10   0.46818E+13  -0.46791E+13  -0.94071E+11
  3.557   5.906    0.79800E+02   0.58802E+08  -0.29245E+10   0.46820E+13  -0.46792E+13  -0.94083E+11
  3.633   5.969   -0.80401E+02   0.58809E+08  -0.29246E+10   0.46821E+13  -0.46793E+13  -0.94095E+11
  3.710   6.032    0.17314E+03   0.58815E+08  -0.29246E+10   0.46822E+13  -0.46794E+13  -0.94104E+11
  3.788   6.095    0.29382E+02   0.58821E+08  -0.29247E+10   0.46823E+13  -0.46795E+13  -0.94113E+11
  3.866   6.158    0.57020E+02   0.58826E+08  -0.29248E+10   0.46824E+13  -0.46797E+13  -0.94122E+11
  3.946   6.220    0.65728E+02   0.58832E+08  -0.29249E+10   0.46825E+13  -0.46798E+13  -0.94131E+11
  4.026   6.283    0.40339E+02   0.58838E+08  -0.29249E+10   0.46827E+13  -0.46799E+13  -0.94140E+11
