  0.000   0.000   -0.27855E+00  -0.61544E-09   0.22683E+07  -0.36294E+10   0.36294E+10  -0.44568E+03
 -1.000  -1.000   -0.37523E-01  -0.11031E-08   0.18303E+07  -0.29284E+10   0.29284E+10  -0.60037E+02
  0.000   0.063   -0.28320E+00  -0.69178E-09   0.23067E+07  -0.36908E+10   0.36908E+10  -0.45312E+03
  0.002   0.126   -0.29891E+00  -0.69150E-09   0.23421E+07  -0.37473E+10   0.37473E+10  -0.47825E+03
  0.004   0.188   -0.33123E+00  -0.10209E-08   0.23224E+07  -0.37158E+10   0.37158E+10  -0.52997E+03
  0.006   0.251   -0.38710E+00  -0.11593E-08   0.22274E+07  -0.35638E+10   0.35638E+10  -0.61936E+03
  0.010   0.314   -0.46661E+00  -0.82753E-09   0.20653E+07  -0.33045E+10   0.33045E+10  -0.74658E+03
  0.014   0.377   -0.55055E+00  -0.10531E-08   0.18699E+07  -0.29918E+10   0.29918E+10  -0.88088E+03
  0.020   0.440   -0.58059E+00  -0.93507E-09   0.16892E+07  -0.27028E+10   0.27028E+10  -0.92895E+03
  0.026   0.503   -0.44690E+00  -0.10754E-08   0.15727E+07  -0.25163E+10   0.25163E+10  -0.71504E+03
  0.033   0.565   -0.65836E-01  -0.73931E-09   0.15527E+07  -0.24843E+10   0.24843E+10  -0.10534E+03
  0.040   0.628    0.40973E+00  -0.27762E-09   0.16139E+07  -0.25823E+10   0.25823E+10   0.65557E+03
  0.049   0.691    0.70056E+00  -0.81889E-09   0.16874E+07  -0.26998E+10   0.26998E+10   0.11209E+04
  0.058   0.754    0.78452E+00  -0.43636E-09   0.17257E+07  -0.27612E+10   0.27612E+10   0.12552E+04
  0.068   0.817    0.52006E+00  -0.77745E-09   0.17375E+07  -0.27800E+10   0.27800E+10   0.83210E+03
  0.079   0.880    0.63417E-02  -0.12975E-08   0.17410E+07  -0.27856E+10   0.27856E+10   0.10147E+02
  0.091   0.942   -0.13286E+00  -0.68539E-09   0.17429E+07  -0.27887E+10   0.27887E+10  -0.21258E+03
  0.103   1.005    0.21603E+00  -0.54325E-09   0.17537E+07  -0.28060E+10   0.28060E+10   0.34565E+03
  0.116   1.068    0.29987E+00  -0.27952E-09   0.17677E+07  -0.28283E+10   0.28283E+10   0.47978E+03
  0.130   1.131   -0.11406E+00  -0.11645E-08   0.17764E+07  -0.28422E+10   0.28422E+10  -0.18250E+03
  0.145   1.194   -0.45304E+00  -0.43048E-09   0.17832E+07  -0.28531E+10   0.28531E+10  -0.72487E+03
  0.161   1.257   -0.43944E+00  -0.99476E-09   0.17883E+07  -0.28613E+10   0.28613E+10  -0.70311E+03
  0.178   1.319    0.11954E+00  -0.11077E-08   0.17927E+07  -0.28683E+10   0.28683E+10   0.19126E+03
  0.195   1.382    0.26384E+00  -0.83269E-09   0.17976E+07  -0.28761E+10   0.28761E+10   0.42214E+03
  0.213   1.445    0.31871E-01  -0.63839E-09   0.18012E+07  -0.28820E+10   0.28820E+10   0.50993E+02
  0.232   1.508   -0.51477E-01  -0.61570E-09   0.18042E+07  -0.28867E+10   0.28867E+10  -0.82363E+02
  0.252   1.571   -0.60916E-01  -0.88203E-09   0.18066E+07  -0.28906E+10   0.28906E+10  -0.97466E+02
  0.272   1.634   -0.31690E-01  -0.76463E-09   0.18087E+07  -0.28939E+10   0.28939E+10  -0.50704E+02
  0.293   1.696   -0.28186E-01  -0.73678E-09   0.18104E+07  -0.28966E+10   0.28966E+10  -0.45098E+02
  0.316   1.759   -0.77938E-02  -0.77293E-09   0.18118E+07  -0.28988E+10   0.28988E+10  -0.12470E+02
  0.339   1.822   -0.34083E-02  -0.56130E-09   0.18130E+07  -0.29007E+10   0.29007E+10  -0.54533E+01
  0.362   1.885   -0.49407E-01  -0.78900E-09   0.18140E+07  -0.29024E+10   0.29024E+10  -0.79051E+02
  0.387   1.948   -0.21528E-01  -0.74112E-09   0.18149E+07  -0.29039E+10   0.29039E+10  -0.34445E+02
  0.412   2.011   -0.31725E-01  -0.84798E-09   0.18157E+07  -0.29051E+10   0.29051E+10  -0.50759E+02
  0.438   2.073   -0.17037E-01  -0.76396E-09   0.18164E+07  -0.29062E+10   0.29062E+10  -0.27259E+02
  0.465   2.136   -0.30803E-01  -0.73061E-09   0.18170E+07  -0.29072E+10   0.29072E+10  -0.49284E+02
  0.493   2.199   -0.24645E-01  -0.91933E-09   0.18176E+07  -0.29081E+10   0.29081E+10  -0.39432E+02
  0.522   2.262   -0.25876E-01  -0.85873E-09   0.18181E+07  -0.29089E+10   0.29089E+10  -0.41401E+02
  0.551   2.325   -0.28754E-01  -0.71967E-09   0.18186E+07  -0.29097E+10   0.29097E+10  -0.46006E+02
  0.581   2.388   -0.31601E-01  -0.68755E-09   0.18190E+07  -0.29104E+10   0.29104E+10  -0.50561E+02
  0.612   2.450   -0.29397E-01  -0.63790E-09   0.18194E+07  -0.29111E+10   0.29111E+10  -0.47035E+02
  0.644   2.513   -0.33760E-01  -0.96847E-09   0.18198E+07  -0.29117E+10   0.29117E+10  -0.54015E+02
  0.677   2.576   -0.22247E-01  -0.67038E-09   0.18202E+07  -0.29123E+10   0.29123E+10  -0.35596E+02
  0.710   2.639   -0.34604E-01  -0.90651E-09   0.18205E+07  -0.29129E+10   0.29129E+10  -0.55367E+02
  0.744   2.702   -0.24106E-01  -0.67004E-09   0.18209E+07  -0.29134E+10   0.29134E+10  -0.38569E+02
  0.779   2.765   -0.41848E-01  -0.69903E-09   0.18212E+07  -0.29139E+10   0.29139E+10  -0.66957E+02
  0.815   2.827   -0.10061E-01  -0.67263E-09   0.18215E+07  -0.29144E+10   0.29144E+10  -0.16097E+02
  0.852   2.890   -0.43070E-01  -0.88122E-09   0.18218E+07  -0.29149E+10   0.29149E+10  -0.68912E+02
  0.889   2.953   -0.31302E-01  -0.10425E-08   0.18221E+07  -0.29153E+10   0.29153E+10  -0.50084E+02
  0.928   3.016   -0.45915E-01  -0.80053E-09   0.18223E+07  -0.29157E+10   0.29157E+10  -0.73464E+02
  0.967   3.079   -0.97775E-02  -0.38469E-09   0.18226E+07  -0.29161E+10   0.29161E+10  -0.15644E+02
  1.006   3.142   -0.31498E-01  -0.83483E-09   0.18228E+07  -0.29165E+10   0.29165E+10  -0.50397E+02
  1.047   3.204   -0.27663E-01  -0.75977E-09   0.18230E+07  -0.29169E+10   0.29169E+10  -0.44261E+02
  1.089   3.267   -0.10593E+00  -0.68945E-09   0.18233E+07  -0.29172E+10   0.29172E+10  -0.16949E+03
  1.131   3.330   -0.91505E-01  -0.77591E-09   0.18235E+07  -0.29176E+10   0.29176E+10  -0.14641E+03
  1.174   3.393    0.25233E+00  -0.98495E-09   0.18237E+07  -0.29179E+10   0.29179E+10   0.40373E+03
  1.218   3.456   -0.12314E+00  -0.89051E-09   0.18239E+07  -0.29182E+10   0.29182E+10  -0.19703E+03
  1.262   3.519   -0.32361E+00  -0.10689E-08   0.18241E+07  -0.29185E+10   0.29185E+10  -0.51777E+03
  1.308   3.581    0.61606E-01  -0.85890E-09   0.18243E+07  -0.29188E+10   0.29188E+10   0.98569E+02
  1.354   3.644    0.65410E-01  -0.91404E-09   0.18244E+07  -0.29191E+10   0.29191E+10   0.10466E+03
  1.401   3.707   -0.43844E-01  -0.85547E-09   0.18246E+07  -0.29193E+10   0.29193E+10  -0.70150E+02
  1.449   3.770   -0.65207E-02  -0.59725E-09   0.18247E+07  -0.29196E+10   0.29196E+10  -0.10433E+02
  1.498   3.833   -0.64066E-01  -0.88778E-09   0.18249E+07  -0.29198E+10   0.29198E+10  -0.10251E+03
  1.547   3.896    0.15956E+00  -0.44915E-09   0.18250E+07  -0.29201E+10   0.29201E+10   0.25530E+03
  1.598   3.958    0.30874E+00  -0.86092E-09   0.18252E+07  -0.29203E+10   0.29203E+10   0.49398E+03
  1.649   4.021    0.49595E-01  -0.84907E-09   0.18253E+07  -0.29205E+10   0.29205E+10   0.79352E+02
  1.701   4.084   -0.15568E+00  -0.91890E-09   0.18255E+07  -0.29207E+10   0.29207E+10  -0.24908E+03
  1.754   4.147   -0.20738E+00  -0.63457E-09   0.18256E+07  -0.29209E+10   0.29209E+10  -0.33181E+03
  1.807   4.210   -0.21242E-02  -0.87508E-09   0.18257E+07  -0.29211E+10   0.29211E+10  -0.33987E+01
  1.861   4.273   -0.60213E-01  -0.86769E-09   0.18258E+07  -0.29213E+10   0.29213E+10  -0.96341E+02
  1.917   4.335   -0.40489E-01  -0.71157E-09   0.18259E+07  -0.29215E+10   0.29215E+10  -0.64782E+02
  1.973   4.398   -0.19062E-01  -0.88068E-09   0.18260E+07  -0.29217E+10   0.29217E+10  -0.30498E+02
  2.029   4.461   -0.12715E+00  -0.85032E-09   0.18262E+07  -0.29218E+10   0.29218E+10  -0.20345E+03
  2.087   4.524   -0.18952E+00  -0.63187E-09   0.18263E+07  -0.29220E+10   0.29220E+10  -0.30323E+03
  2.145   4.587   -0.87774E-01  -0.93925E-09   0.18264E+07  -0.29222E+10   0.29222E+10  -0.14044E+03
  2.204   4.650   -0.22111E+00  -0.61448E-09   0.18264E+07  -0.29223E+10   0.29223E+10  -0.35377E+03
  2.264   4.712    0.74375E-01  -0.94948E-09   0.18265E+07  -0.29225E+10   0.29225E+10   0.11900E+03
  2.325   4.775   -0.13977E+00  -0.70810E-09   0.18266E+07  -0.29226E+10   0.29226E+10  -0.22363E+03
  2.387   4.838   -0.16002E-01  -0.52819E-09   0.18267E+07  -0.29227E+10   0.29227E+10  -0.25603E+02
  2.449   4.901    0.25869E-01  -0.89179E-09   0.18268E+07  -0.29229E+10   0.29229E+10   0.41391E+02
  2.512   4.964   -0.12683E+00  -0.64119E-09   0.18269E+07  -0.29230E+10   0.29230E+10  -0.20292E+03
  2.576   5.027    0.56789E-01  -0.66024E-09   0.18270E+07  -0.29231E+10   0.29231E+10   0.90862E+02
  2.641   5.089    0.23546E-01  -0.63454E-09   0.18270E+07  -0.29232E+10   0.29232E+10   0.37674E+02
  2.707   5.152   -0.22593E+00  -0.41993E-09   0.18271E+07  -0.29234E+10   0.29234E+10  -0.36148E+03
  2.773   5.215    0.26199E+00  -0.80237E-09   0.18272E+07  -0.29235E+10   0.29235E+10   0.41918E+03
  2.841   5.278   -0.27845E+00  -0.98180E-09   0.18272E+07  -0.29236E+10   0.29236E+10  -0.44553E+03
  2.909   5.341   -0.13905E-01  -0.89253E-09   0.18273E+07  -0.29237E+10   0.29237E+10  -0.22249E+02
  2.977   5.404    0.20962E+00  -0.75036E-09   0.18274E+07  -0.29238E+10   0.29238E+10   0.33539E+03
  3.047   5.466   -0.41103E+00  -0.92385E-09   0.18274E+07  -0.29239E+10   0.29239E+10  -0.65765E+03
  3.117   5.529    0.23257E+00  -0.74274E-09   0.18275E+07  -0.29240E+10   0.29240E+10   0.37212E+03
  3.189   5.592   -0.37168E-01  -0.88693E-09   0.18275E+07  -0.29241E+10   0.29241E+10  -0.59470E+02
  3.261   5.655   -0.22719E+00  -0.75048E-09   0.18276E+07  -0.29242E+10   0.29242E+10  -0.36351E+03
  3.334   5.718    0.13590E+00  -0.99169E-09   0.18277E+07  -0.29242E+10   0.29242E+10   0.21744E+03
  3.407   5.781   -0.63198E-01  -0.10534E-08   0.18277E+07  -0.29243E+10   0.29243E+10  -0.10112E+03
  3.482   5.843   -0.83179E-01  -0.54635E-09   0.18278E+07  -0.29244E+10   0.29244E+10  -0.13309E+03
  3.557   5.906   -0.49875E-01  -0.78975E-09   0.18278E+07  -0.29245E+10   0.29245E+10  -0.79800E+02
  3.633   5.969    0.50250E-01  -0.89102E-09   0.18279E+07  -0.29246E+10   0.29246E+10   0.80401E+02
  3.710   6.032   -0.10821E+00  -0.62965E-09   0.18279E+07  -0.29246E+10   0.29246E+10  -0.17314E+03
  3.788   6.095   -0.18364E-01  -0.38460E-09   0.18279E+07  -0.29247E+10   0.29247E+10  -0.29382E+02
  3.866   6.158   -0.35638E-01  -0.88403E-09   0.18280E+07  -0.29248E+10   0.29248E+10  -0.57020E+02
  3.946   6.220   -0.41080E-01  -0.74141E-09   0.18280E+07  -0.29249E+10   0.29249E+10  -0.65728E+02
  4.026   6.283   -0.25212E-01  -0.74530E-09   0.18281E+07  -0.29249E+10   0.29249E+10  -0.40339E+02
