  0.000   0.000   -0.67689E+08   0.36464E-07   0.85424E+02  -0.13668E+06   0.29047E+10  -0.10830E+12
 -1.000  -1.000   -0.59044E+08   0.36224E-07   0.63503E+02  -0.10160E+06   0.27783E+10  -0.94470E+11
  0.000   0.063   -0.67692E+08   0.26308E-07   0.87156E+02  -0.13945E+06   0.29059E+10  -0.10831E+12
  0.002   0.126   -0.67684E+08   0.43627E-07   0.88820E+02  -0.14211E+06   0.29097E+10  -0.10829E+12
  0.004   0.188   -0.67627E+08   0.38146E-07   0.88141E+02  -0.14103E+06   0.29173E+10  -0.10820E+12
  0.006   0.251   -0.67501E+08   0.48383E-07   0.84281E+02  -0.13485E+06   0.29292E+10  -0.10800E+12
  0.010   0.314   -0.67418E+08   0.51980E-07   0.77669E+02  -0.12427E+06   0.29445E+10  -0.10787E+12
  0.014   0.377   -0.67747E+08   0.34207E-07   0.69850E+02  -0.11176E+06   0.29590E+10  -0.10840E+12
  0.020   0.440   -0.69045E+08   0.29885E-07   0.62813E+02  -0.10050E+06   0.29673E+10  -0.11047E+12
  0.026   0.503   -0.71701E+08   0.43458E-07   0.58142E+02  -0.93027E+05   0.29667E+10  -0.11472E+12
  0.033   0.565   -0.75529E+08   0.21671E-07   0.55942E+02  -0.89507E+05   0.29580E+10  -0.12085E+12
  0.040   0.628   -0.79878E+08   0.21991E-07   0.54837E+02  -0.87739E+05   0.29421E+10  -0.12781E+12
  0.049   0.691   -0.83968E+08   0.57107E-07   0.53682E+02  -0.85892E+05   0.29160E+10  -0.13435E+12
  0.058   0.754   -0.85639E+08   0.70265E-07   0.52797E+02  -0.84475E+05   0.28675E+10  -0.13702E+12
  0.068   0.817   -0.80544E+08   0.52929E-07   0.53741E+02  -0.85985E+05   0.27957E+10  -0.12887E+12
  0.079   0.880   -0.73470E+08   0.13367E-07   0.55944E+02  -0.89510E+05   0.27599E+10  -0.11755E+12
  0.091   0.942   -0.72162E+08  -0.84051E-08   0.58237E+02  -0.93180E+05   0.27785E+10  -0.11546E+12
  0.103   1.005   -0.75850E+08  -0.94465E-08   0.59718E+02  -0.95549E+05   0.28202E+10  -0.12136E+12
  0.116   1.068   -0.80308E+08   0.42004E-07   0.59222E+02  -0.94755E+05   0.28480E+10  -0.12849E+12
  0.130   1.131   -0.63611E+08   0.29571E-07   0.60162E+02  -0.96260E+05   0.27287E+10  -0.10178E+12
  0.145   1.194   -0.42809E+08   0.16571E-08   0.60985E+02  -0.97576E+05   0.26124E+10  -0.68495E+11
  0.161   1.257   -0.44293E+08  -0.23574E-08   0.61433E+02  -0.98293E+05   0.26392E+10  -0.70869E+11
  0.178   1.319   -0.48808E+08   0.76243E-08   0.60418E+02  -0.96668E+05   0.26765E+10  -0.78093E+11
  0.195   1.382   -0.56844E+08  -0.35573E-07   0.60555E+02  -0.96888E+05   0.27232E+10  -0.90950E+11
  0.213   1.445   -0.55028E+08   0.35743E-07   0.61724E+02  -0.98759E+05   0.27173E+10  -0.88045E+11
  0.232   1.508   -0.48861E+08   0.38429E-07   0.61884E+02  -0.99014E+05   0.26949E+10  -0.78178E+11
  0.252   1.571   -0.49431E+08   0.23256E-07   0.62137E+02  -0.99420E+05   0.27028E+10  -0.79090E+11
  0.272   1.634   -0.49983E+08   0.15138E-07   0.62150E+02  -0.99440E+05   0.27095E+10  -0.79972E+11
  0.293   1.696   -0.48050E+08   0.43892E-07   0.62172E+02  -0.99475E+05   0.27069E+10  -0.76879E+11
  0.316   1.759   -0.50389E+08   0.50886E-08   0.62359E+02  -0.99774E+05   0.27188E+10  -0.80622E+11
  0.339   1.822   -0.52530E+08   0.14613E-07   0.62703E+02  -0.10033E+06   0.27285E+10  -0.84048E+11
  0.362   1.885   -0.53288E+08   0.42681E-07   0.62019E+02  -0.99230E+05   0.27337E+10  -0.85260E+11
  0.387   1.948   -0.51849E+08   0.41573E-07   0.62146E+02  -0.99433E+05   0.27324E+10  -0.82958E+11
  0.412   2.011   -0.52630E+08   0.25894E-07   0.62997E+02  -0.10079E+06   0.27366E+10  -0.84208E+11
  0.438   2.073   -0.53166E+08   0.34589E-07   0.62746E+02  -0.10039E+06   0.27402E+10  -0.85066E+11
  0.465   2.136   -0.53597E+08   0.30063E-07   0.62572E+02  -0.10012E+06   0.27431E+10  -0.85754E+11
  0.493   2.199   -0.54388E+08   0.37408E-07   0.62257E+02  -0.99611E+05   0.27466E+10  -0.87021E+11
  0.522   2.262   -0.54606E+08   0.38879E-07   0.63074E+02  -0.10092E+06   0.27487E+10  -0.87370E+11
  0.551   2.325   -0.54435E+08   0.44354E-07   0.62656E+02  -0.10025E+06   0.27501E+10  -0.87095E+11
  0.581   2.388   -0.54962E+08   0.50519E-07   0.62717E+02  -0.10035E+06   0.27528E+10  -0.87939E+11
  0.612   2.450   -0.55760E+08   0.66827E-07   0.62723E+02  -0.10036E+06   0.27564E+10  -0.89216E+11
  0.644   2.513   -0.56137E+08  -0.21201E-08   0.62807E+02  -0.10049E+06   0.27576E+10  -0.89819E+11
  0.677   2.576   -0.56381E+08   0.24714E-07   0.62839E+02  -0.10054E+06   0.27587E+10  -0.90210E+11
  0.710   2.639   -0.56153E+08   0.38105E-07   0.62892E+02  -0.10063E+06   0.27590E+10  -0.89845E+11
  0.744   2.702   -0.56517E+08   0.17111E-07   0.62909E+02  -0.10065E+06   0.27606E+10  -0.90427E+11
  0.779   2.765   -0.56610E+08   0.24359E-07   0.62940E+02  -0.10070E+06   0.27614E+10  -0.90575E+11
  0.815   2.827   -0.56863E+08   0.39705E-07   0.63002E+02  -0.10080E+06   0.27626E+10  -0.90981E+11
  0.852   2.890   -0.56930E+08   0.43997E-07   0.62902E+02  -0.10064E+06   0.27633E+10  -0.91088E+11
  0.889   2.953   -0.56992E+08   0.42197E-07   0.62876E+02  -0.10060E+06   0.27640E+10  -0.91186E+11
  0.928   3.016   -0.57128E+08   0.38475E-07   0.63197E+02  -0.10112E+06   0.27649E+10  -0.91405E+11
  0.967   3.079   -0.57256E+08   0.36243E-07   0.62784E+02  -0.10045E+06   0.27656E+10  -0.91610E+11
  1.006   3.142   -0.57313E+08   0.23898E-07   0.62970E+02  -0.10075E+06   0.27663E+10  -0.91701E+11
  1.047   3.204   -0.57462E+08   0.45017E-07   0.63176E+02  -0.10108E+06   0.27671E+10  -0.91939E+11
  1.089   3.267   -0.57634E+08   0.42094E-07   0.62993E+02  -0.10079E+06   0.27679E+10  -0.92215E+11
  1.131   3.330   -0.57804E+08   0.25218E-07   0.63051E+02  -0.10088E+06   0.27687E+10  -0.92486E+11
  1.174   3.393   -0.57861E+08   0.30403E-07   0.63173E+02  -0.10108E+06   0.27690E+10  -0.92577E+11
  1.218   3.456   -0.57861E+08   0.32895E-07   0.62887E+02  -0.10062E+06   0.27693E+10  -0.92577E+11
  1.262   3.519   -0.57926E+08   0.44416E-07   0.62297E+02  -0.99675E+05   0.27697E+10  -0.92682E+11
  1.308   3.581   -0.57955E+08   0.41439E-07   0.63718E+02  -0.10195E+06   0.27700E+10  -0.92729E+11
  1.354   3.644   -0.57993E+08   0.38483E-07   0.65022E+02  -0.10404E+06   0.27704E+10  -0.92790E+11
  1.401   3.707   -0.58057E+08   0.35527E-07   0.62869E+02  -0.10059E+06   0.27707E+10  -0.92892E+11
  1.449   3.770   -0.58118E+08   0.40845E-07   0.61392E+02  -0.98227E+05   0.27711E+10  -0.92988E+11
  1.498   3.833   -0.58163E+08   0.36036E-07   0.62674E+02  -0.10028E+06   0.27715E+10  -0.93061E+11
  1.547   3.896   -0.58232E+08   0.46813E-07   0.63378E+02  -0.10141E+06   0.27718E+10  -0.93170E+11
  1.598   3.958   -0.58294E+08   0.28100E-07   0.63244E+02  -0.10119E+06   0.27722E+10  -0.93270E+11
  1.649   4.021   -0.58342E+08   0.39245E-07   0.63132E+02  -0.10101E+06   0.27724E+10  -0.93347E+11
  1.701   4.084   -0.58358E+08   0.28094E-07   0.63085E+02  -0.10094E+06   0.27726E+10  -0.93373E+11
  1.754   4.147   -0.58384E+08   0.42972E-07   0.62914E+02  -0.10066E+06   0.27728E+10  -0.93414E+11
  1.807   4.210   -0.58391E+08   0.28354E-07   0.63265E+02  -0.10122E+06   0.27729E+10  -0.93426E+11
  1.861   4.273   -0.58411E+08   0.22267E-07   0.63104E+02  -0.10097E+06   0.27731E+10  -0.93457E+11
  1.917   4.335   -0.58438E+08   0.23735E-07   0.63216E+02  -0.10115E+06   0.27733E+10  -0.93501E+11
  1.973   4.398   -0.58471E+08   0.37343E-07   0.62955E+02  -0.10073E+06   0.27735E+10  -0.93554E+11
  2.029   4.461   -0.58509E+08   0.22939E-07   0.63156E+02  -0.10105E+06   0.27738E+10  -0.93614E+11
  2.087   4.524   -0.58543E+08   0.18940E-07   0.63139E+02  -0.10102E+06   0.27740E+10  -0.93668E+11
  2.145   4.587   -0.58569E+08   0.35516E-07   0.63327E+02  -0.10132E+06   0.27741E+10  -0.93710E+11
  2.204   4.650   -0.58583E+08   0.35409E-07   0.63079E+02  -0.10093E+06   0.27742E+10  -0.93733E+11
  2.264   4.712   -0.58591E+08   0.33121E-07   0.63462E+02  -0.10154E+06   0.27743E+10  -0.93746E+11
  2.325   4.775   -0.58602E+08   0.37381E-07   0.63001E+02  -0.10080E+06   0.27745E+10  -0.93763E+11
  2.387   4.838   -0.58614E+08   0.26304E-07   0.63473E+02  -0.10156E+06   0.27746E+10  -0.93783E+11
  2.449   4.901   -0.58631E+08   0.40900E-07   0.63183E+02  -0.10109E+06   0.27747E+10  -0.93810E+11
  2.512   4.964   -0.58651E+08   0.43901E-07   0.63221E+02  -0.10115E+06   0.27748E+10  -0.93841E+11
  2.576   5.027   -0.58670E+08   0.22625E-07   0.63485E+02  -0.10158E+06   0.27750E+10  -0.93872E+11
  2.641   5.089   -0.58687E+08   0.39844E-07   0.62984E+02  -0.10077E+06   0.27751E+10  -0.93899E+11
  2.707   5.152   -0.58698E+08   0.27131E-07   0.63523E+02  -0.10164E+06   0.27752E+10  -0.93918E+11
  2.773   5.215   -0.58706E+08   0.26562E-07   0.63172E+02  -0.10107E+06   0.27752E+10  -0.93930E+11
  2.841   5.278   -0.58715E+08   0.26933E-07   0.63299E+02  -0.10128E+06   0.27753E+10  -0.93944E+11
  2.909   5.341   -0.58724E+08   0.34730E-07   0.63275E+02  -0.10124E+06   0.27754E+10  -0.93958E+11
  2.977   5.404   -0.58735E+08   0.48691E-07   0.63424E+02  -0.10148E+06   0.27755E+10  -0.93976E+11
  3.047   5.466   -0.58746E+08   0.31135E-07   0.63031E+02  -0.10085E+06   0.27756E+10  -0.93994E+11
  3.117   5.529   -0.58757E+08   0.28290E-07   0.63631E+02  -0.10181E+06   0.27757E+10  -0.94010E+11
  3.189   5.592   -0.58765E+08   0.25326E-07   0.63007E+02  -0.10081E+06   0.27757E+10  -0.94024E+11
  3.261   5.655   -0.58773E+08   0.30084E-07   0.63686E+02  -0.10190E+06   0.27758E+10  -0.94036E+11
  3.334   5.718   -0.58780E+08   0.40786E-07   0.62752E+02  -0.10040E+06   0.27759E+10  -0.94047E+11
  3.407   5.781   -0.58786E+08   0.33096E-07   0.63973E+02  -0.10236E+06   0.27759E+10  -0.94058E+11
  3.482   5.843   -0.58794E+08   0.28155E-07   0.62903E+02  -0.10065E+06   0.27760E+10  -0.94070E+11
  3.557   5.906   -0.58801E+08   0.30349E-07   0.63411E+02  -0.10146E+06   0.27760E+10  -0.94082E+11
  3.633   5.969   -0.58808E+08   0.44124E-07   0.63336E+02  -0.10134E+06   0.27761E+10  -0.94093E+11
  3.710   6.032   -0.58814E+08   0.25421E-07   0.63499E+02  -0.10160E+06   0.27761E+10  -0.94103E+11
  3.788   6.095   -0.58820E+08   0.31652E-07   0.63183E+02  -0.10109E+06   0.27762E+10  -0.94112E+11
  3.866   6.158   -0.58826E+08   0.32494E-07   0.63191E+02  -0.10110E+06   0.27762E+10  -0.94121E+11
  3.946   6.220   -0.58831E+08   0.41636E-07   0.63662E+02  -0.10186E+06   0.27763E+10  -0.94130E+11
  4.026   6.283   -0.58837E+08   0.33235E-07   0.63210E+02  -0.10114E+06   0.27763E+10  -0.94139E+11
