  0.000   0.000    0.00000E+00   0.00000E+00   0.00000E+00   0.00000E+00   0.00000E+00   0.00000E+00
 -1.000  -1.000    0.00000E+00   0.00000E+00   0.00000E+00   0.00000E+00   0.00000E+00   0.00000E+00
  0.000   0.063    0.56811E+01  -0.20402E-10   0.39754E+07  -0.63606E+10   0.63606E+10   0.90898E+04
  0.002   0.126    0.69243E+03  -0.45808E-09   0.29827E+08  -0.47723E+11   0.47723E+11   0.11079E+07
  0.004   0.188    0.10846E+05   0.86350E-10   0.89790E+08  -0.14366E+12   0.14366E+12   0.17354E+08
  0.006   0.251    0.71107E+05  -0.59026E-08   0.17891E+09  -0.28626E+12   0.28626E+12   0.11377E+09
  0.010   0.314    0.27944E+06  -0.31077E-07   0.27365E+09  -0.43785E+12   0.43785E+12   0.44711E+09
  0.014   0.377    0.76210E+06  -0.10870E-06   0.33950E+09  -0.54320E+12   0.54322E+12   0.12194E+10
  0.020   0.440    0.15333E+07  -0.48122E-07   0.34538E+09  -0.55261E+12   0.55264E+12   0.24532E+10
  0.026   0.503    0.23090E+07  -0.43607E-06   0.27983E+09  -0.44772E+12   0.44777E+12   0.36944E+10
  0.033   0.565    0.25042E+07  -0.36575E-06   0.16766E+09  -0.26826E+12   0.26833E+12   0.40067E+10
  0.040   0.628    0.14622E+07  -0.46186E-06   0.72972E+08  -0.11675E+12   0.11686E+12   0.23396E+10
  0.049   0.691   -0.15865E+07  -0.12073E-06   0.42109E+08  -0.67374E+11   0.67509E+11  -0.25384E+10
  0.058   0.754   -0.77789E+07   0.32562E-06   0.50022E+08  -0.80035E+11   0.80206E+11  -0.12446E+11
  0.068   0.817   -0.14882E+08   0.37530E-06   0.57472E+08  -0.91955E+11   0.92135E+11  -0.23811E+11
  0.079   0.880   -0.16321E+08  -0.77777E-07   0.54088E+08  -0.86542E+11   0.86686E+11  -0.26114E+11
  0.091   0.942   -0.14868E+08  -0.20977E-06   0.40481E+08  -0.64769E+11   0.64884E+11  -0.23788E+11
  0.103   1.005   -0.16314E+08  -0.70939E-07   0.16604E+08  -0.26566E+11   0.26689E+11  -0.26102E+11
  0.116   1.068   -0.28457E+08   0.12898E-06   0.10324E+08  -0.16518E+11   0.16725E+11  -0.45531E+11
  0.130   1.131   -0.49227E+08   0.22484E-06   0.78351E+07  -0.12536E+11   0.12857E+11  -0.78763E+11
  0.145   1.194   -0.35244E+08   0.29354E-06   0.59985E+07  -0.95975E+10   0.98023E+10  -0.56390E+11
  0.161   1.257   -0.19452E+08   0.11406E-06   0.54576E+07  -0.87322E+10   0.88330E+10  -0.31123E+11
  0.178   1.319   -0.11827E+08   0.12714E-06   0.12096E+07  -0.19353E+10   0.19926E+10  -0.18924E+11
  0.195   1.382   -0.11668E+08  -0.12044E-06   0.35796E+06  -0.57273E+09   0.62943E+09  -0.18669E+11
  0.213   1.445   -0.24058E+08  -0.94916E-07   0.19149E+06  -0.30638E+09   0.41710E+09  -0.38492E+11
  0.232   1.508   -0.19329E+08   0.16266E-06   0.11919E+06  -0.19071E+09   0.27307E+09  -0.30926E+11
  0.252   1.571   -0.14409E+08   0.12340E-06   0.47641E+05  -0.76226E+08   0.13373E+09  -0.23054E+11
  0.272   1.634   -0.13966E+08  -0.96521E-07   0.11262E+05  -0.18019E+08   0.70399E+08  -0.22345E+11
  0.293   1.696   -0.10321E+08   0.21198E-06  -0.56764E+04   0.90823E+07   0.27158E+08  -0.16514E+11
  0.316   1.759   -0.56643E+07   0.24783E-07  -0.29998E+05   0.47997E+08  -0.29017E+08  -0.90629E+10
  0.339   1.822   -0.49676E+07   0.10701E-06  -0.25054E+05   0.40086E+08  -0.24599E+08  -0.79482E+10
  0.362   1.885   -0.83017E+07  -0.32714E-07  -0.74959E+05   0.11994E+09  -0.97161E+08  -0.13283E+11
  0.387   1.948   -0.68959E+07   0.12374E-06  -0.11075E+06   0.17720E+09  -0.15675E+09  -0.11033E+11
  0.412   2.011   -0.44402E+07   0.10444E-06   0.83650E+04  -0.13384E+08   0.24539E+08  -0.71044E+10
  0.438   2.073   -0.39678E+07   0.75337E-07   0.52023E+04  -0.83238E+07   0.17721E+08  -0.63484E+10
  0.465   2.136   -0.25782E+07   0.87475E-07  -0.13736E+04   0.21978E+07   0.32695E+07  -0.41251E+10
  0.493   2.199   -0.23763E+07  -0.38958E-08   0.29451E+04  -0.47121E+07   0.92586E+07  -0.38021E+10
  0.522   2.262   -0.34580E+07   0.97172E-07   0.18917E+04  -0.30268E+07   0.87396E+07  -0.55329E+10
  0.551   2.325   -0.15909E+07  -0.11378E-08   0.81010E+03  -0.12962E+07   0.30550E+07  -0.25455E+10
  0.581   2.388   -0.71806E+06  -0.63053E-07  -0.16302E+03   0.26084E+06  -0.14096E+07  -0.11489E+10
  0.612   2.450   -0.23047E+06  -0.79126E-10  -0.18984E+03   0.30374E+06  -0.46154E+06  -0.36876E+09
  0.644   2.513   -0.11439E+07  -0.15454E-07  -0.42034E+02   0.67254E+05   0.33200E+07  -0.18302E+10
  0.677   2.576   -0.14378E+07   0.84967E-07   0.41415E+03  -0.66265E+06   0.40861E+07  -0.23005E+10
  0.710   2.639   -0.12420E+07   0.36864E-07   0.46350E+03  -0.74160E+06   0.34667E+07  -0.19871E+10
  0.744   2.702   -0.79802E+06   0.15296E-07  -0.16711E+03   0.26737E+06   0.13885E+07  -0.12768E+10
  0.779   2.765   -0.98300E+06   0.41273E-08  -0.13848E+04   0.22158E+07  -0.35366E+06  -0.15728E+10
  0.815   2.827   -0.67708E+06   0.35524E-07  -0.31279E+04   0.50046E+07  -0.36763E+07  -0.10833E+10
  0.852   2.890   -0.11609E+07   0.43447E-07  -0.60624E+04   0.96998E+07  -0.75075E+07  -0.18574E+10
  0.889   2.953   -0.62943E+06  -0.22207E-07   0.30148E+01  -0.48236E+04   0.10274E+07  -0.10071E+10
  0.928   3.016   -0.58333E+06  -0.13880E-07   0.74518E+04  -0.11923E+08   0.12540E+08  -0.93334E+09
  0.967   3.079   -0.44926E+06   0.16116E-07   0.79736E+04  -0.12758E+08   0.13101E+08  -0.71882E+09
  1.006   3.142   -0.33837E+06  -0.15111E-07   0.57682E+04  -0.92292E+07   0.89646E+07  -0.54139E+09
  1.047   3.204   -0.42610E+05  -0.46542E-07   0.53069E+04  -0.84910E+07   0.79092E+07  -0.68175E+08
  1.089   3.267    0.44833E+05  -0.22708E-08   0.19326E+04  -0.30922E+07   0.24439E+07   0.71732E+08
  1.131   3.330   -0.74439E+05   0.57315E-07  -0.70998E+02   0.11360E+06  -0.38411E+05  -0.11910E+09
  1.174   3.393   -0.36541E+06   0.13818E-07  -0.25010E+04   0.40016E+07  -0.30241E+07  -0.58466E+09
  1.218   3.456   -0.34317E+06   0.40359E-08  -0.66593E+04   0.10655E+08  -0.98261E+07  -0.54907E+09
  1.262   3.519   -0.42297E+06   0.55510E-07  -0.86176E+04   0.13788E+08  -0.12860E+08  -0.67675E+09
  1.308   3.581   -0.25463E+06   0.13566E-07  -0.74014E+04   0.11842E+08  -0.11452E+08  -0.40741E+09
  1.354   3.644   -0.21832E+06  -0.15284E-07  -0.63682E+04   0.10189E+08  -0.98980E+07  -0.34931E+09
  1.401   3.707   -0.12086E+06   0.24236E-07   0.21051E+04  -0.33681E+07   0.33492E+07  -0.19338E+09
  1.449   3.770   -0.64048E+05  -0.12753E-07   0.46712E+04  -0.74739E+07   0.73932E+07  -0.10248E+09
  1.498   3.833    0.21726E+04  -0.68306E-08   0.54567E+04  -0.87307E+07   0.84208E+07   0.34762E+07
  1.547   3.896    0.61034E+05  -0.79492E-08   0.46815E+04  -0.74903E+07   0.71103E+07   0.97655E+08
  1.598   3.958    0.22977E+05  -0.11634E-07   0.16692E+04  -0.26708E+07   0.25007E+07   0.36763E+08
  1.649   4.021   -0.97754E+05  -0.67830E-08  -0.60768E+03   0.97228E+06  -0.70113E+06  -0.15641E+09
  1.701   4.084   -0.14805E+06   0.36889E-07  -0.26088E+04   0.41741E+07  -0.37661E+07  -0.23688E+09
  1.754   4.147   -0.20238E+06   0.20169E-07  -0.34465E+04   0.55144E+07  -0.49932E+07  -0.32381E+09
  1.807   4.210   -0.13355E+06  -0.99812E-08  -0.25553E+04   0.40884E+07  -0.38031E+07  -0.21368E+09
  1.861   4.273   -0.70665E+05   0.76839E-08  -0.11066E+04   0.17706E+07  -0.16807E+07  -0.11306E+09
  1.917   4.335   -0.13190E+05  -0.84914E-08   0.59402E+03  -0.95043E+06   0.83477E+06  -0.21104E+08
  1.973   4.398    0.36448E+05  -0.15342E-08   0.15228E+04  -0.24365E+07   0.22108E+07   0.58317E+08
  2.029   4.461    0.70786E+05  -0.26141E-08   0.13907E+04  -0.22250E+07   0.19375E+07   0.11326E+09
  2.087   4.524    0.31871E+05  -0.41730E-08   0.62377E+03  -0.99803E+06   0.87707E+06   0.50994E+08
  2.145   4.587   -0.15281E+05   0.36779E-08   0.31411E+02  -0.50258E+05   0.97006E+05  -0.24450E+08
  2.204   4.650   -0.55065E+05   0.76270E-08  -0.42030E+03   0.67248E+06  -0.50868E+06  -0.88103E+08
  2.264   4.712   -0.86973E+05   0.59754E-09  -0.45544E+03   0.72870E+06  -0.48798E+06  -0.13916E+09
  2.325   4.775   -0.63788E+05   0.36381E-08  -0.32482E+03   0.51972E+06  -0.36463E+06  -0.10206E+09
  2.387   4.838   -0.33624E+05  -0.25476E-08  -0.30787E+02   0.49259E+05  -0.37254E+04  -0.53798E+08
  2.449   4.901    0.70888E+04  -0.18631E-08   0.85502E+02  -0.13680E+06   0.72990E+05   0.11342E+08
  2.512   4.964    0.26063E+05  -0.34974E-08  -0.26341E+01   0.42146E+04  -0.11813E+06   0.41700E+08
  2.576   5.027    0.26088E+05  -0.40927E-08  -0.47535E+01   0.76055E+04  -0.98288E+05   0.41740E+08
  2.641   5.089    0.42540E+03   0.16834E-08  -0.56901E+02   0.91042E+05  -0.96258E+05   0.68064E+06
  2.707   5.152   -0.93781E+04  -0.30523E-08   0.28766E+02  -0.46026E+05   0.76963E+05  -0.15005E+08
  2.773   5.215   -0.30428E+05   0.36761E-08   0.93731E+02  -0.14997E+06   0.23682E+06  -0.48685E+08
  2.841   5.278   -0.21261E+05  -0.13937E-08   0.10767E+03  -0.17227E+06   0.22712E+06  -0.34017E+08
  2.909   5.341   -0.10795E+05  -0.23478E-08   0.22530E+02  -0.36048E+05   0.54306E+05  -0.17272E+08
  2.977   5.404    0.60581E+03  -0.81758E-09  -0.93344E+02   0.14935E+06  -0.16623E+06   0.96929E+06
  3.047   5.466    0.25139E+04  -0.23809E-08  -0.10954E+03   0.17527E+06  -0.19264E+06   0.40222E+07
  3.117   5.529    0.64811E+04  -0.12477E-09  -0.12469E+03   0.19951E+06  -0.22362E+06   0.10370E+08
  3.189   5.592   -0.99362E+04   0.17696E-08  -0.10141E+00   0.16225E+03   0.25790E+05  -0.15898E+08
  3.261   5.655   -0.63229E+04  -0.52651E-11   0.48615E+02  -0.77785E+05   0.95348E+05  -0.10117E+08
  3.334   5.718   -0.10119E+05  -0.21524E-09   0.48668E+02  -0.77870E+05   0.10358E+06  -0.16191E+08
  3.407   5.781   -0.39630E+04  -0.21641E-09  -0.15653E+02   0.25044E+05  -0.18889E+05  -0.63408E+07
  3.482   5.843   -0.16505E+04  -0.77407E-09  -0.67942E+02   0.10871E+06  -0.10950E+06  -0.26408E+07
  3.557   5.906    0.18388E+04  -0.42760E-10  -0.61970E+02   0.99152E+05  -0.10894E+06   0.29421E+07
  3.633   5.969   -0.15600E+04   0.37249E-09  -0.16960E+02   0.27135E+05  -0.25140E+05  -0.24961E+07
  3.710   6.032   -0.17568E+04   0.99860E-09   0.33444E+02  -0.53510E+05   0.57039E+05  -0.28108E+07
  3.788   6.095   -0.28079E+04   0.15942E-09   0.66770E+02  -0.10683E+06   0.11404E+06  -0.44926E+07
  3.866   6.158   -0.15289E+04  -0.15212E-09   0.40199E+02  -0.64319E+05   0.66814E+05  -0.24462E+07
  3.946   6.220    0.59891E+03  -0.15348E-09  -0.51866E+01   0.82985E+04  -0.11772E+05   0.95826E+06
  4.026   6.283    0.15737E+04  -0.10460E-09  -0.23693E+02   0.37909E+05  -0.43848E+05   0.25180E+07
