  0.000   0.000    0.00000E+00   0.00000E+00   0.00000E+00   0.00000E+00   0.00000E+00   0.00000E+00
 -1.000  -1.000    0.00000E+00   0.00000E+00   0.00000E+00   0.00000E+00   0.00000E+00   0.00000E+00
  0.000   0.063    0.31620E-14   0.27569E+00   0.56044E-12  -0.57189E+01   0.27667E-08  -0.44111E+03
  0.002   0.126    0.12325E-12   0.34464E+02   0.30074E-11  -0.69756E+03  -0.98480E-08  -0.55143E+05
  0.004   0.188   -0.61965E-11   0.56233E+03   0.11156E-10  -0.10939E+05  -0.22352E-07  -0.89973E+06
  0.006   0.251   -0.34047E-10   0.38927E+04  -0.85265E-12  -0.71829E+05   0.25955E-06  -0.62283E+07
  0.010   0.314   -0.13464E-09   0.16334E+05   0.12412E-09  -0.28290E+06  -0.27794E-07  -0.26134E+08
  0.014   0.377   -0.38846E-09   0.47949E+05   0.96350E-10  -0.77376E+06   0.59721E-07  -0.76718E+08
  0.020   0.440   -0.89723E-09   0.10450E+06   0.19710E-09  -0.15626E+07  -0.12480E-06  -0.16720E+09
  0.026   0.503   -0.11466E-08   0.17222E+06  -0.74465E-11  -0.23646E+07   0.14817E-06  -0.27555E+09
  0.033   0.565   -0.15838E-08   0.21343E+06   0.30226E-10  -0.25823E+07  -0.64509E-07  -0.34149E+09
  0.040   0.628   -0.10233E-08   0.19810E+06   0.43947E-10  -0.15342E+07   0.14247E-06  -0.31696E+09
  0.049   0.691   -0.11995E-08   0.19884E+06   0.16144E-10   0.15746E+07   0.16298E-06  -0.31815E+09
  0.058   0.754   -0.59650E-08   0.57201E+06  -0.56303E-10   0.78669E+07   0.16470E-06  -0.91522E+09
  0.068   0.817   -0.17026E-07   0.15945E+07  -0.24659E-09   0.14989E+08  -0.19267E-06  -0.25512E+10
  0.079   0.880   -0.19732E-07   0.23139E+07  -0.98112E-10   0.16332E+08  -0.25035E-06  -0.37023E+10
  0.091   0.942   -0.16473E-07   0.23849E+07  -0.34930E-10   0.14828E+08   0.54279E-07  -0.38158E+10
  0.103   1.005   -0.14575E-07   0.25344E+07   0.26682E-09   0.16342E+08   0.25671E-06  -0.40550E+10
  0.116   1.068   -0.25970E-07   0.42007E+07   0.66281E-09   0.28694E+08   0.14482E-05  -0.67212E+10
  0.130   1.131   -0.41710E-07   0.77694E+07   0.95089E-09   0.49645E+08   0.17635E-05  -0.12431E+11
  0.145   1.194   -0.22117E-07   0.61925E+07   0.49752E-09   0.35417E+08   0.78048E-06  -0.99079E+10
  0.161   1.257   -0.86397E-08   0.37999E+07   0.50879E-09   0.19449E+08   0.88832E-06  -0.60799E+10
  0.178   1.319   -0.27039E-08   0.24653E+07   0.35453E-09   0.11814E+08   0.62577E-06  -0.39446E+10
  0.195   1.382   -0.26912E-08   0.24400E+07  -0.95167E-10   0.11752E+08  -0.10425E-06  -0.39040E+10
  0.213   1.445   -0.52023E-08   0.52880E+07   0.17285E-09   0.24289E+08   0.34782E-06  -0.84607E+10
  0.232   1.508   -0.10547E-07   0.45804E+07   0.58379E-09   0.19500E+08   0.10146E-05  -0.73286E+10
  0.252   1.571   -0.26430E-08   0.36468E+07   0.55605E-09   0.14546E+08   0.91075E-06  -0.58349E+10
  0.272   1.634    0.18226E-08   0.37486E+07   0.39710E-09   0.14058E+08   0.63669E-06  -0.59977E+10
  0.293   1.696   -0.13190E-07   0.29543E+07   0.82426E-10   0.10376E+08   0.15850E-06  -0.47270E+10
  0.316   1.759    0.17346E-08   0.17378E+07  -0.59011E-11   0.58270E+07   0.27280E-07  -0.27805E+10
  0.339   1.822    0.16910E-08   0.16082E+07   0.16239E-10   0.50242E+07   0.36613E-07  -0.25732E+10
  0.362   1.885    0.10741E-08   0.28266E+07   0.10797E-09   0.77799E+07   0.35645E-07  -0.45226E+10
  0.387   1.948   -0.30241E-09   0.25038E+07   0.27657E-09   0.74724E+07   0.53893E-06  -0.40061E+10
  0.412   2.011    0.11376E-08   0.16958E+07   0.22062E-10   0.42569E+07   0.49677E-07  -0.27132E+10
  0.438   2.073   -0.35643E-08   0.15941E+07  -0.71934E-10   0.37720E+07  -0.10582E-06  -0.25506E+10
  0.465   2.136   -0.10164E-09   0.10893E+07  -0.24432E-09   0.23080E+07  -0.37549E-06  -0.17429E+10
  0.493   2.199    0.23504E-08   0.10513E+07  -0.15415E-09   0.20105E+07  -0.23055E-06  -0.16821E+10
  0.522   2.262    0.66138E-08   0.15957E+07  -0.30959E-09   0.26357E+07  -0.49821E-06  -0.25530E+10
  0.551   2.325    0.23836E-08   0.76577E+06  -0.65342E-10   0.84664E+06  -0.84006E-07  -0.12252E+10
  0.581   2.388    0.25253E-07   0.35930E+06  -0.18215E-09  -0.57417E+06  -0.35726E-06  -0.57487E+09
  0.612   2.450   -0.18523E-07   0.11943E+06  -0.61088E-09  -0.80612E+05  -0.85137E-06  -0.19109E+09
  0.644   2.513   -0.12480E-07   0.61230E+06  -0.86158E-09   0.18112E+07  -0.13906E-05  -0.97968E+09
  0.677   2.576    0.32106E-08   0.79836E+06  -0.14207E-08   0.18988E+07  -0.23049E-05  -0.12774E+10
  0.710   2.639   -0.10796E-08   0.70692E+06  -0.11451E-08   0.15512E+07  -0.18496E-05  -0.11311E+10
  0.744   2.702    0.28297E-09   0.46777E+06  -0.62882E-09   0.97297E+06  -0.10163E-05  -0.74843E+09
  0.779   2.765    0.76382E-08   0.59042E+06  -0.74159E-09   0.11140E+07  -0.12178E-05  -0.94467E+09
  0.815   2.827    0.35617E-08   0.41593E+06   0.42485E-09   0.81733E+06   0.66839E-06  -0.66549E+09
  0.852   2.890   -0.51639E-08   0.73252E+06   0.11704E-08   0.13854E+07   0.18638E-05  -0.11720E+10
  0.889   2.953    0.26066E-08   0.40433E+06   0.32467E-09   0.65661E+06   0.50941E-06  -0.64693E+09
  0.928   3.016    0.42818E-08   0.38193E+06   0.30189E-09   0.39929E+06   0.48311E-06  -0.61109E+09
  0.967   3.079    0.26886E-08   0.29724E+06   0.42731E-09   0.22387E+06   0.66771E-06  -0.47558E+09
  1.006   3.142    0.67500E-08   0.23157E+06   0.39607E-09  -0.18119E+06   0.62600E-06  -0.37052E+09
  1.047   3.204    0.42611E-08   0.28581E+05   0.11373E-09  -0.39792E+06   0.20020E-06  -0.45730E+08
  1.089   3.267   -0.15795E-08  -0.34737E+05   0.41026E-10  -0.46359E+06   0.97635E-07   0.55580E+08
  1.131   3.330   -0.19277E-07   0.53437E+05  -0.43436E-10   0.54541E+05   0.54222E-08  -0.85500E+08
  1.174   3.393   -0.11351E-07   0.26331E+06  -0.30810E-09   0.70840E+06  -0.48314E-06  -0.42130E+09
  1.218   3.456    0.14570E-08   0.24174E+06  -0.23078E-09   0.58799E+06  -0.38364E-06  -0.38678E+09
  1.262   3.519   -0.43162E-08   0.30865E+06  -0.45298E-09   0.68057E+06  -0.72914E-06  -0.49384E+09
  1.308   3.581    0.49664E-08   0.18774E+06  -0.37895E-09   0.29593E+06  -0.63381E-06  -0.30038E+09
  1.354   3.644    0.66635E-08   0.16110E+06  -0.12865E-09   0.21906E+06  -0.22038E-06  -0.25776E+09
  1.401   3.707    0.14001E-08   0.90089E+05  -0.32082E-09  -0.13306E+05  -0.52863E-06  -0.14414E+09
  1.449   3.770    0.71029E-08   0.46831E+05   0.30817E-09  -0.65367E+05   0.47553E-06  -0.74929E+08
  1.498   3.833    0.41242E-08  -0.74064E+03   0.23456E-10  -0.23348E+06   0.40061E-07   0.11860E+07
  1.547   3.896    0.14180E-09  -0.47267E+05   0.27761E-09  -0.29076E+06   0.45138E-06   0.75628E+08
  1.598   3.958   -0.42637E-08  -0.16532E+05   0.18160E-09  -0.12645E+06   0.31551E-06   0.26450E+08
  1.649   4.021   -0.98903E-08   0.70339E+05   0.64871E-10   0.19380E+06   0.13135E-06  -0.11254E+09
  1.701   4.084   -0.44571E-08   0.10994E+06   0.55751E-11   0.30472E+06   0.19349E-07  -0.17590E+09
  1.754   4.147   -0.27424E-08   0.15566E+06  -0.12557E-10   0.40294E+06  -0.20405E-07  -0.24905E+09
  1.807   4.210    0.17618E-08   0.10304E+06  -0.13933E-09   0.22325E+06  -0.23393E-06  -0.16487E+09
  1.861   4.273    0.46916E-08   0.54670E+05  -0.84473E-10   0.71093E+05  -0.15140E-06  -0.87471E+08
  1.917   4.335    0.50858E-08   0.10532E+05  -0.71575E-10  -0.88456E+05  -0.12734E-06  -0.16851E+08
  1.973   4.398    0.33063E-08  -0.28190E+05  -0.63237E-10  -0.17544E+06  -0.10759E-06   0.45104E+08
  2.029   4.461    0.10970E-08  -0.53675E+05  -0.11087E-10  -0.21983E+06  -0.19692E-07   0.85878E+08
  2.087   4.524   -0.36221E-08  -0.25152E+05   0.10868E-10  -0.94710E+05   0.33653E-07   0.40246E+08
  2.145   4.587   -0.34622E-08   0.13249E+05   0.36739E-10   0.40108E+05   0.69752E-07  -0.21202E+08
  2.204   4.650   -0.48657E-08   0.40391E+05   0.56777E-10   0.12105E+06   0.10204E-06  -0.64622E+08
  2.264   4.712    0.69204E-09   0.68822E+05   0.11240E-10   0.19077E+06   0.14750E-07  -0.11012E+09
  2.325   4.775    0.73794E-09   0.48393E+05   0.38618E-10   0.11778E+06   0.56191E-07  -0.77427E+08
  2.387   4.838    0.24881E-08   0.26519E+05  -0.21072E-10   0.36265E+05  -0.41012E-07  -0.42431E+08
  2.449   4.901    0.20325E-08  -0.47303E+04   0.54038E-11  -0.47491E+05   0.26608E-08   0.75679E+07
  2.512   4.964    0.85862E-10  -0.22509E+05  -0.32953E-10  -0.95050E+05  -0.50588E-07   0.36016E+08
  2.576   5.027   -0.30420E-09  -0.16636E+05  -0.17579E-10  -0.60315E+05  -0.25699E-07   0.26611E+08
  2.641   5.089   -0.21899E-08  -0.46148E+04  -0.15243E-10  -0.15775E+05  -0.16967E-07   0.73918E+07
  2.707   5.152   -0.13567E-08   0.11952E+05   0.29057E-11   0.36833E+05   0.87284E-08  -0.19132E+08
  2.773   5.215   -0.52442E-09   0.20290E+05  -0.43737E-12   0.58617E+05  -0.10408E-08  -0.32459E+08
  2.841   5.278    0.89609E-09   0.18405E+05   0.40458E-10   0.47375E+05   0.61080E-07  -0.29450E+08
  2.909   5.341    0.92704E-09   0.78254E+04   0.51949E-11   0.12892E+05   0.46550E-08  -0.12520E+08
  2.977   5.404    0.80986E-09  -0.31771E+03   0.26326E-10  -0.13033E+05   0.40036E-07   0.50812E+06
  3.047   5.466   -0.33801E-10  -0.35760E+04   0.74750E-11  -0.17858E+05   0.12315E-07   0.57246E+07
  3.117   5.529   -0.12591E-08  -0.23217E+04   0.15057E-11  -0.11445E+05   0.66616E-08   0.37080E+07
  3.189   5.592   -0.79423E-09   0.41554E+04  -0.69125E-11   0.10606E+05  -0.90128E-08  -0.66406E+07
  3.261   5.655   -0.64368E-09   0.77425E+04   0.54271E-11   0.21164E+05   0.10587E-07  -0.12394E+08
  3.334   5.718    0.14724E-09   0.66013E+04  -0.24215E-12   0.16678E+05  -0.12183E-08  -0.10561E+08
  3.407   5.781    0.31933E-09   0.34248E+04   0.79468E-11   0.57117E+04   0.11515E-07  -0.54796E+07
  3.482   5.843    0.55916E-09   0.73866E+03   0.43528E-11  -0.22966E+04   0.53607E-08  -0.11805E+07
  3.557   5.906   -0.21711E-09  -0.50545E+03   0.73771E-11  -0.47186E+04   0.12758E-07   0.80584E+06
  3.633   5.969   -0.24061E-09   0.12886E+03   0.31701E-12  -0.17209E+04   0.12878E-08  -0.20435E+06
  3.710   6.032   -0.29705E-09   0.19706E+04  -0.23347E-11   0.47128E+04  -0.27895E-08  -0.31524E+07
  3.788   6.095   -0.63170E-10   0.22663E+04  -0.70708E-11   0.55940E+04  -0.11082E-07  -0.36276E+07
  3.866   6.158    0.21631E-09   0.99075E+03  -0.25291E-11   0.16342E+04  -0.48323E-08  -0.15848E+07
  3.946   6.220    0.25114E-09  -0.42762E+03  -0.99157E-12  -0.27988E+04  -0.22897E-08   0.68462E+06
  4.026   6.283    0.50934E-10  -0.10610E+04  -0.19290E-11  -0.41390E+04  -0.31417E-08   0.16976E+07
