  0.000   0.000    0.00000E+00   0.00000E+00   0.00000E+00   0.00000E+00   0.00000E+00   0.00000E+00
 -1.000  -1.000    0.00000E+00   0.00000E+00   0.00000E+00   0.00000E+00   0.00000E+00   0.00000E+00
  0.000   0.063    0.13749E-06  -0.16344E-13   0.24846E+04  -0.39754E+07   0.91871E-01   0.21999E-03
  0.002   0.126   -0.40195E-04   0.21134E-12   0.18642E+05  -0.29827E+08   0.69046E+00  -0.64312E-01
  0.004   0.188   -0.80923E-03  -0.77383E-12   0.56119E+05  -0.89790E+08   0.20941E+01  -0.12948E+01
  0.006   0.251   -0.58868E-02  -0.14815E-11   0.11182E+06  -0.17891E+09   0.42617E+01  -0.94189E+01
  0.010   0.314   -0.25461E-01  -0.17359E-10   0.17103E+06  -0.27365E+09   0.68395E+01  -0.40738E+02
  0.014   0.377   -0.79345E-01  -0.27086E-10   0.21219E+06  -0.33950E+09   0.93475E+01  -0.12695E+03
  0.020   0.440   -0.19387E+00  -0.76852E-10   0.21586E+06  -0.34538E+09   0.11390E+02  -0.31020E+03
  0.026   0.503   -0.37492E+00  -0.15211E-09   0.17489E+06  -0.27983E+09   0.12699E+02  -0.59987E+03
  0.033   0.565   -0.54137E+00  -0.16428E-09   0.10479E+06  -0.16766E+09   0.12917E+02  -0.86619E+03
  0.040   0.628   -0.53608E+00  -0.11659E-09   0.45607E+05  -0.72972E+08   0.11507E+02  -0.85772E+03
  0.049   0.691   -0.34749E+00   0.84938E-10   0.26318E+05  -0.42109E+08   0.85140E+01  -0.55599E+03
  0.058   0.754   -0.47726E-01   0.19594E-09   0.31264E+05  -0.50022E+08   0.45215E+01  -0.76361E+02
  0.068   0.817    0.31953E+00   0.21384E-09   0.35920E+05  -0.57472E+08   0.10281E+01   0.51125E+03
  0.079   0.880    0.35073E+00   0.16811E-10   0.33805E+05  -0.54088E+08   0.37243E+00   0.56117E+03
  0.091   0.942   -0.13746E-01  -0.36891E-10   0.25301E+05  -0.40481E+08   0.18893E+01  -0.21993E+02
  0.103   1.005   -0.62339E-01   0.28351E-10   0.10377E+05  -0.16604E+08   0.20030E+01  -0.99743E+02
  0.116   1.068    0.25565E+00   0.86118E-11   0.64525E+04  -0.10324E+08  -0.11024E+01   0.40905E+03
  0.130   1.131    0.59126E+00   0.58037E-10   0.48969E+04  -0.78351E+07  -0.34184E+01   0.94602E+03
  0.145   1.194    0.18499E+00   0.19327E-11   0.37490E+04  -0.59985E+07  -0.80195E+00   0.29598E+03
  0.161   1.257   -0.38442E+00  -0.92243E-10   0.34110E+04  -0.54576E+07   0.22034E+01  -0.61507E+03
  0.178   1.319   -0.38453E+00   0.12830E-09   0.75598E+03  -0.12096E+07   0.23256E+01  -0.61525E+03
  0.195   1.382   -0.86904E-01   0.40512E-10   0.22372E+03  -0.35796E+06   0.43559E+00  -0.13905E+03
  0.213   1.445    0.23442E+00   0.98982E-10   0.11968E+03  -0.19149E+06  -0.10807E+01   0.37507E+03
  0.232   1.508    0.10340E+00   0.97527E-10   0.74496E+02  -0.11919E+06  -0.45084E+00   0.16545E+03
  0.252   1.571   -0.26850E-01  -0.10070E-09   0.29776E+02  -0.47641E+05   0.11679E+00  -0.42960E+02
  0.272   1.634   -0.11280E-01  -0.17658E-09   0.70387E+01  -0.11262E+05   0.39480E-01  -0.18048E+02
  0.293   1.696   -0.14664E-01  -0.10094E-09  -0.35478E+01   0.56764E+04   0.52849E-01  -0.23463E+02
  0.316   1.759   -0.77838E-01   0.23204E-10  -0.18749E+02   0.29998E+05   0.27077E+00  -0.12454E+03
  0.339   1.822    0.59971E-01   0.48614E-10  -0.15659E+02   0.25054E+05  -0.19331E+00   0.95954E+02
  0.362   1.885    0.33328E-01   0.26665E-10  -0.46850E+02   0.74960E+05  -0.14235E+00   0.53325E+02
  0.387   1.948   -0.48081E-01  -0.10944E-09  -0.69218E+02   0.11075E+06   0.22925E+00  -0.76929E+02
  0.412   2.011   -0.52581E-02  -0.14374E-09   0.52273E+01  -0.83636E+04   0.15692E-01  -0.84130E+01
  0.438   2.073    0.39063E-02  -0.16689E-10   0.32514E+01  -0.52023E+04  -0.66898E-02   0.62501E+01
  0.465   2.136    0.37033E-02  -0.18556E-11  -0.85891E+00   0.13743E+04  -0.13548E-01   0.59252E+01
  0.493   2.199   -0.10919E-03  -0.37662E-11   0.18418E+01  -0.29469E+04  -0.77275E-03  -0.17470E+00
  0.522   2.262    0.20610E-02   0.18508E-10   0.11820E+01  -0.18912E+04  -0.45558E-02   0.32976E+01
  0.551   2.325    0.66469E-02  -0.53328E-10   0.50618E+00  -0.80989E+03  -0.11987E-01   0.10635E+02
  0.581   2.388   -0.38877E-03  -0.13240E-10  -0.10189E+00   0.16302E+03  -0.16063E-02  -0.62202E+00
  0.612   2.450   -0.35732E-02   0.11931E-10  -0.11864E+00   0.18982E+03   0.95268E-02  -0.57171E+01
  0.644   2.513   -0.49110E-02  -0.18321E-11  -0.26185E-01   0.41895E+02   0.34152E-02  -0.78577E+01
  0.677   2.576    0.83021E-02  -0.82788E-11   0.25891E+00  -0.41425E+03  -0.13421E-01   0.13283E+02
  0.710   2.639    0.19948E-01  -0.45926E-10   0.28975E+00  -0.46360E+03  -0.41645E-01   0.31917E+02
  0.744   2.702   -0.75332E-02  -0.24715E-10  -0.10441E+00   0.16705E+03  -0.85376E-02  -0.12053E+02
  0.779   2.765    0.25309E-02  -0.85830E-11  -0.86549E+00   0.13848E+04   0.18349E-01   0.40495E+01
  0.815   2.827    0.32787E-03  -0.17236E-10  -0.19549E+01   0.31279E+04  -0.46147E-02   0.52459E+00
  0.852   2.890   -0.14215E-01  -0.53871E-10  -0.37890E+01   0.60624E+04   0.14129E-01  -0.22744E+02
  0.889   2.953   -0.56296E-02  -0.64704E-11   0.16495E-02  -0.26391E+01   0.77668E-02  -0.90073E+01
  0.928   3.016   -0.55016E-02  -0.54932E-11   0.46573E+01  -0.74518E+04   0.43430E-01  -0.88026E+01
  0.967   3.079   -0.59052E-02  -0.10852E-10   0.49835E+01  -0.79737E+04   0.76904E-01  -0.94484E+01
  1.006   3.142   -0.54442E-01  -0.15711E-10   0.36047E+01  -0.57676E+04  -0.19823E+00  -0.87107E+02
  1.047   3.204   -0.51068E-01  -0.51121E-11   0.33169E+01  -0.53070E+04   0.48586E+00  -0.81708E+02
  1.089   3.267   -0.13034E+00   0.19612E-10   0.12080E+01  -0.19327E+04   0.70077E+00  -0.20855E+03
  1.131   3.330    0.68803E+00  -0.90167E-11  -0.44344E-01   0.70951E+02  -0.25076E+01   0.11008E+04
  1.174   3.393    0.16141E+00  -0.97178E-11  -0.15631E+01   0.25009E+04  -0.44648E+00   0.25825E+03
  1.218   3.456   -0.11596E+01  -0.14670E-10  -0.41613E+01   0.66581E+04   0.34520E+01  -0.18554E+04
  1.262   3.519    0.38422E+00   0.58403E-12  -0.53869E+01   0.86190E+04  -0.74666E+00   0.61475E+03
  1.308   3.581    0.83422E+00  -0.81242E-11  -0.46291E+01   0.74066E+04  -0.19137E+01   0.13348E+04
  1.354   3.644   -0.16250E+00  -0.16925E-10  -0.39783E+01   0.63653E+04   0.98260E-01  -0.26000E+03
  1.401   3.707    0.76946E-01   0.41994E-11   0.13206E+01  -0.21129E+04   0.86255E-02   0.12311E+03
  1.449   3.770   -0.27472E-01  -0.31602E-11   0.29200E+01  -0.46720E+04  -0.10912E+00  -0.43955E+02
  1.498   3.833    0.14679E+00  -0.25381E-11   0.34082E+01  -0.54532E+04  -0.21073E+01   0.23486E+03
  1.547   3.896    0.61967E+00   0.56892E-11   0.29249E+01  -0.46799E+04  -0.29890E+01   0.99146E+03
  1.598   3.958   -0.35459E+00  -0.92021E-11   0.10432E+01  -0.16692E+04   0.16012E+01  -0.56735E+03
  1.649   4.021   -0.15892E+01   0.72313E-11  -0.37979E+00   0.60766E+03   0.52586E+01  -0.25428E+04
  1.701   4.084   -0.71270E+00  -0.56476E-11  -0.16305E+01   0.26088E+04   0.23245E+01  -0.11403E+04
  1.754   4.147   -0.41656E-01  -0.85908E-11  -0.21544E+01   0.34471E+04   0.18501E+00  -0.66650E+02
  1.807   4.210   -0.24441E-01  -0.46209E-11  -0.15972E+01   0.25556E+04   0.98333E-01  -0.39106E+02
  1.861   4.273    0.46693E-01   0.58734E-12  -0.69194E+00   0.11071E+04  -0.14164E+00   0.74709E+02
  1.917   4.335    0.68088E-01   0.14363E-12   0.37231E+00  -0.59570E+03  -0.18831E+00   0.10894E+03
  1.973   4.398   -0.39724E+00  -0.13822E-11   0.95150E+00  -0.15224E+04   0.12500E+01  -0.63558E+03
  2.029   4.461    0.69965E+00   0.64578E-11   0.86988E+00  -0.13918E+04  -0.19495E+01   0.11194E+04
  2.087   4.524   -0.10169E+01  -0.79143E-11   0.38953E+00  -0.62325E+03   0.26690E+01  -0.16270E+04
  2.145   4.587    0.16060E+01   0.98179E-11   0.19690E-01  -0.31504E+02  -0.45384E+01   0.25696E+04
  2.204   4.650   -0.13108E+01  -0.22614E-11  -0.26245E+00   0.41992E+03   0.34596E+01  -0.20973E+04
  2.264   4.712    0.15077E+01   0.19028E-11  -0.28546E+00   0.45673E+03  -0.40101E+01   0.24124E+04
  2.325   4.775   -0.98550E+00  -0.62277E-11  -0.20209E+00   0.32334E+03   0.25457E+01  -0.15768E+04
  2.387   4.838    0.29358E+00  -0.27506E-12  -0.20605E-01   0.32968E+02  -0.63410E+00   0.46972E+03
  2.449   4.901    0.66513E+00   0.59215E-12   0.54802E-01  -0.87683E+02  -0.19778E+01   0.10642E+04
  2.512   4.964   -0.18146E+01   0.16093E-13  -0.29086E-02   0.46538E+01   0.51653E+01  -0.29034E+04
  2.576   5.027    0.27935E+01   0.18832E-11  -0.22857E-02   0.36571E+01  -0.77197E+01   0.44696E+04
  2.641   5.089   -0.33754E+01  -0.16337E-11  -0.35558E-01   0.56892E+02   0.91932E+01  -0.54007E+04
  2.707   5.152    0.33053E+01   0.97609E-12   0.17374E-01  -0.27798E+02  -0.88963E+01   0.52885E+04
  2.773   5.215   -0.22558E+01  -0.16399E-11   0.59363E-01  -0.94981E+02   0.59047E+01  -0.36093E+04
  2.841   5.278    0.93413E+00   0.39132E-12   0.66784E-01  -0.10685E+03  -0.23423E+01   0.14946E+04
  2.909   5.341    0.33663E-01  -0.42400E-12   0.14014E-01  -0.22422E+02  -0.15360E+00   0.53860E+02
  2.977   5.404    0.77007E-01  -0.25385E-12  -0.57899E-01   0.92638E+02  -0.29617E+00   0.12321E+03
  3.047   5.466   -0.11950E+01   0.10457E-12  -0.69011E-01   0.11042E+03   0.33788E+01  -0.19120E+04
  3.117   5.529    0.24297E+01  -0.34269E-12  -0.77566E-01   0.12410E+03  -0.66264E+01   0.38875E+04
  3.189   5.592   -0.26637E+01  -0.13603E-12  -0.43129E-03   0.69007E+00   0.70837E+01  -0.42619E+04
  3.261   5.655    0.16865E+01  -0.14426E-12   0.30994E-01  -0.49590E+02  -0.43939E+01   0.26984E+04
  3.334   5.718   -0.38136E+00  -0.76510E-14   0.29977E-01  -0.47963E+02   0.10245E+01  -0.61018E+03
  3.407   5.781   -0.63425E-01  -0.23909E-12  -0.10372E-01   0.16595E+02  -0.35590E-01  -0.10148E+03
  3.482   5.843   -0.36561E+00  -0.52076E-14  -0.40842E-01   0.65348E+02   0.12244E+01  -0.58498E+03
  3.557   5.906    0.71499E+00   0.18191E-12  -0.40244E-01   0.64391E+02  -0.20166E+01   0.11440E+04
  3.633   5.969   -0.41228E+00  -0.90887E-13  -0.10004E-01   0.16006E+02   0.10924E+01  -0.65965E+03
  3.710   6.032   -0.64150E-01  -0.18986E-13   0.20480E-01  -0.32768E+02   0.12424E+00  -0.10264E+03
  3.788   6.095    0.16094E+00  -0.21354E-12   0.42988E-01  -0.68781E+02  -0.29981E+00   0.25750E+03
  3.866   6.158   -0.52259E-01  -0.96996E-13   0.23673E-01  -0.37877E+02   0.74122E-01  -0.83615E+02
  3.946   6.220    0.18691E-01   0.16995E-12  -0.29070E-02   0.46513E+01  -0.90897E-01   0.29905E+02
  4.026   6.283    0.60470E-01  -0.15333E-13  -0.14302E-01   0.22884E+02  -0.12046E+00   0.96753E+02
