  0.000   0.000    0.00000E+00   0.00000E+00   0.00000E+00   0.00000E+00   0.00000E+00   0.00000E+00
 -1.000  -1.000    0.00000E+00   0.00000E+00   0.00000E+00   0.00000E+00   0.00000E+00   0.00000E+00
  0.000   0.063   -0.21999E-03  -0.56809E+01  -0.39754E+07   0.63606E+10  -0.63606E+10   0.90891E+04
  0.002   0.126    0.64312E-01  -0.69249E+03  -0.29827E+08   0.47723E+11  -0.47723E+11   0.11081E+07
  0.004   0.188    0.12948E+01  -0.10848E+05  -0.89790E+08   0.14366E+12  -0.14366E+12   0.17358E+08
  0.006   0.251    0.94189E+01  -0.71116E+05  -0.17891E+09   0.28626E+12  -0.28626E+12   0.11380E+09
  0.010   0.314    0.40738E+02  -0.27948E+06  -0.27365E+09   0.43785E+12  -0.43785E+12   0.44724E+09
  0.014   0.377    0.12695E+03  -0.76222E+06  -0.33950E+09   0.54322E+12  -0.54320E+12   0.12198E+10
  0.020   0.440    0.31020E+03  -0.15336E+07  -0.34538E+09   0.55264E+12  -0.55261E+12   0.24542E+10
  0.026   0.503    0.59987E+03  -0.23096E+07  -0.27983E+09   0.44777E+12  -0.44772E+12   0.36963E+10
  0.033   0.565    0.86619E+03  -0.25050E+07  -0.16766E+09   0.26833E+12  -0.26826E+12   0.40094E+10
  0.040   0.628    0.85772E+03  -0.14631E+07  -0.72972E+08   0.11686E+12  -0.11675E+12   0.23423E+10
  0.049   0.691    0.55599E+03   0.15860E+07  -0.42109E+08   0.67509E+11  -0.67374E+11  -0.25367E+10
  0.058   0.754    0.76361E+02   0.77790E+07  -0.50022E+08   0.80206E+11  -0.80035E+11  -0.12446E+11
  0.068   0.817   -0.51125E+03   0.14883E+08  -0.57472E+08   0.92135E+11  -0.91955E+11  -0.23813E+11
  0.079   0.880   -0.56117E+03   0.16322E+08  -0.54088E+08   0.86686E+11  -0.86542E+11  -0.26117E+11
  0.091   0.942    0.21993E+02   0.14868E+08  -0.40481E+08   0.64884E+11  -0.64769E+11  -0.23789E+11
  0.103   1.005    0.99743E+02   0.16314E+08  -0.16604E+08   0.26689E+11  -0.26566E+11  -0.26103E+11
  0.116   1.068   -0.40905E+03   0.28458E+08  -0.10324E+08   0.16725E+11  -0.16518E+11  -0.45533E+11
  0.130   1.131   -0.94602E+03   0.49229E+08  -0.78351E+07   0.12857E+11  -0.12536E+11  -0.78768E+11
  0.145   1.194   -0.29598E+03   0.35244E+08  -0.59985E+07   0.98023E+10  -0.95975E+10  -0.56392E+11
  0.161   1.257    0.61507E+03   0.19452E+08  -0.54576E+07   0.88330E+10  -0.87322E+10  -0.31121E+11
  0.178   1.319    0.61525E+03   0.11827E+08  -0.12096E+07   0.19926E+10  -0.19353E+10  -0.18922E+11
  0.195   1.382    0.13905E+03   0.11668E+08  -0.35796E+06   0.62943E+09  -0.57273E+09  -0.18668E+11
  0.213   1.445   -0.37507E+03   0.24058E+08  -0.19149E+06   0.41710E+09  -0.30638E+09  -0.38494E+11
  0.232   1.508   -0.16545E+03   0.19329E+08  -0.11919E+06   0.27308E+09  -0.19071E+09  -0.30927E+11
  0.252   1.571    0.42960E+02   0.14409E+08  -0.47641E+05   0.13373E+09  -0.76226E+08  -0.23054E+11
  0.272   1.634    0.18048E+02   0.13966E+08  -0.11262E+05   0.70399E+08  -0.18019E+08  -0.22345E+11
  0.293   1.696    0.23463E+02   0.10322E+08   0.56764E+04   0.27159E+08   0.90822E+07  -0.16515E+11
  0.316   1.759    0.12454E+03   0.56641E+07   0.29998E+05  -0.29017E+08   0.47996E+08  -0.90624E+10
  0.339   1.822   -0.95954E+02   0.49676E+07   0.25054E+05  -0.24600E+08   0.40087E+08  -0.79484E+10
  0.362   1.885   -0.53325E+02   0.83022E+07   0.74960E+05  -0.97161E+08   0.11994E+09  -0.13284E+11
  0.387   1.948    0.76929E+02   0.68958E+07   0.11075E+06  -0.15675E+09   0.17720E+09  -0.11033E+11
  0.412   2.011    0.84130E+01   0.44402E+07  -0.83636E+04   0.24536E+08  -0.13382E+08  -0.71044E+10
  0.438   2.073   -0.62501E+01   0.39679E+07  -0.52023E+04   0.17721E+08  -0.83236E+07  -0.63487E+10
  0.465   2.136   -0.59252E+01   0.25782E+07   0.13743E+04   0.32684E+07   0.21988E+07  -0.41251E+10
  0.493   2.199    0.17470E+00   0.23763E+07  -0.29469E+04   0.92615E+07  -0.47150E+07  -0.38021E+10
  0.522   2.262   -0.32976E+01   0.34582E+07  -0.18912E+04   0.87390E+07  -0.30259E+07  -0.55331E+10
  0.551   2.325   -0.10635E+02   0.15909E+07  -0.80989E+03   0.30547E+07  -0.12958E+07  -0.25455E+10
  0.581   2.388    0.62202E+00   0.71817E+06   0.16302E+03  -0.14094E+07   0.26083E+06  -0.11491E+10
  0.612   2.450    0.57171E+01   0.23041E+06   0.18982E+03  -0.46187E+06   0.30370E+06  -0.36864E+09
  0.644   2.513    0.78577E+01   0.11438E+07   0.41895E+02   0.33201E+07   0.67027E+05  -0.18301E+10
  0.677   2.576   -0.13283E+02   0.14380E+07  -0.41425E+03   0.40866E+07  -0.66279E+06  -0.23008E+10
  0.710   2.639   -0.31917E+02   0.12419E+07  -0.46360E+03   0.34668E+07  -0.74169E+06  -0.19871E+10
  0.744   2.702    0.12053E+02   0.79804E+06   0.16705E+03   0.13887E+07   0.26729E+06  -0.12768E+10
  0.779   2.765   -0.40495E+01   0.98301E+06   0.13848E+04  -0.35359E+06   0.22156E+07  -0.15728E+10
  0.815   2.827   -0.52459E+00   0.67713E+06   0.31279E+04  -0.36762E+07   0.50047E+07  -0.10834E+10
  0.852   2.890    0.22744E+02   0.11609E+07   0.60624E+04  -0.75074E+07   0.96998E+07  -0.18573E+10
  0.889   2.953    0.90073E+01   0.62938E+06  -0.26391E+01   0.10267E+07  -0.42351E+04  -0.10070E+10
  0.928   3.016    0.88026E+01   0.58341E+06  -0.74518E+04   0.12540E+08  -0.11923E+08  -0.93344E+09
  0.967   3.079    0.94484E+01   0.44925E+06  -0.79737E+04   0.13101E+08  -0.12758E+08  -0.71878E+09
  1.006   3.142    0.87107E+02   0.33833E+06  -0.57676E+04   0.89639E+07  -0.92278E+07  -0.54118E+09
  1.047   3.204    0.81708E+02   0.42524E+05  -0.53070E+04   0.79085E+07  -0.84920E+07  -0.67908E+08
  1.089   3.267    0.20855E+03  -0.44973E+05  -0.19327E+04   0.24434E+07  -0.30935E+07   0.72291E+08
  1.131   3.330   -0.11008E+04   0.75519E+05   0.70951E+02  -0.34410E+05   0.11753E+06  -0.12259E+09
  1.174   3.393   -0.25825E+03   0.36592E+06   0.25009E+04  -0.30225E+07   0.40022E+07  -0.58588E+09
  1.218   3.456    0.18554E+04   0.34145E+06   0.66581E+04  -0.98292E+07   0.10647E+08  -0.54336E+09
  1.262   3.519   -0.61475E+03   0.42285E+06   0.86190E+04  -0.12863E+08   0.13792E+08  -0.67755E+09
  1.308   3.581   -0.13348E+04   0.25599E+06   0.74066E+04  -0.11457E+08   0.11854E+08  -0.41173E+09
  1.354   3.644    0.26000E+03   0.21866E+06   0.63653E+04  -0.98926E+07   0.10184E+08  -0.34944E+09
  1.401   3.707   -0.12311E+03   0.12106E+06  -0.21129E+04   0.33624E+07  -0.33807E+07  -0.19389E+09
  1.449   3.770    0.43955E+02   0.63906E+05  -0.46720E+04   0.73955E+07  -0.74750E+07  -0.10218E+09
  1.498   3.833   -0.23486E+03  -0.18506E+04  -0.54532E+04   0.84191E+07  -0.87217E+07   0.25863E+07
  1.547   3.896   -0.99146E+03  -0.60310E+05  -0.46799E+04   0.71112E+07  -0.74830E+07   0.94911E+08
  1.598   3.958    0.56735E+03  -0.23795E+05  -0.16692E+04   0.24971E+07  -0.26732E+07   0.38979E+08
  1.649   4.021    0.25428E+04   0.95168E+05   0.60766E+03  -0.70966E+06   0.96384E+06  -0.14820E+09
  1.701   4.084    0.11403E+04   0.14682E+06   0.26088E+04  -0.37700E+07   0.41703E+07  -0.23308E+09
  1.754   4.147    0.66650E+02   0.20209E+06   0.34471E+04  -0.49950E+07   0.55150E+07  -0.32324E+09
  1.807   4.210    0.39106E+02   0.13348E+06   0.25556E+04  -0.38037E+07   0.40887E+07  -0.21351E+09
  1.861   4.273   -0.74709E+02   0.70817E+05   0.11071E+04  -0.16810E+07   0.17716E+07  -0.11343E+09
  1.917   4.335   -0.10894E+03   0.13265E+05  -0.59570E+03   0.83779E+06  -0.95282E+06  -0.21398E+08
  1.973   4.398    0.63558E+03  -0.37012E+05  -0.15224E+04   0.22085E+07  -0.24378E+07   0.60237E+08
  2.029   4.461   -0.11194E+04  -0.69556E+05  -0.13918E+04   0.19430E+07  -0.22238E+07   0.10950E+09
  2.087   4.524    0.16270E+04  -0.33403E+05  -0.62325E+03   0.87230E+06  -0.10015E+07   0.56051E+08
  2.145   4.587   -0.25696E+04   0.17861E+05  -0.31504E+02   0.10446E+06  -0.43145E+05  -0.32694E+08
  2.204   4.650    0.20973E+04   0.52898E+05   0.41992E+03  -0.51384E+06   0.66634E+06  -0.81277E+08
  2.264   4.712   -0.24124E+04   0.89329E+05   0.45673E+03  -0.48378E+06   0.73719E+06  -0.14679E+09
  2.325   4.775    0.15768E+04   0.62177E+05   0.32334E+03  -0.36644E+06   0.51327E+06  -0.96958E+08
  2.387   4.838   -0.46972E+03   0.34090E+05   0.32968E+02  -0.61952E+04   0.53763E+05  -0.55297E+08
  2.449   4.901   -0.10642E+04  -0.60399E+04  -0.87683E+02   0.79521E+05  -0.13713E+06   0.79603E+07
  2.512   4.964    0.29034E+04  -0.28987E+05   0.46538E+01  -0.12974E+06  -0.81849E+03   0.51028E+08
  2.576   5.027   -0.44696E+04  -0.21654E+05   0.36571E+01  -0.84261E+05   0.18203E+05   0.27487E+08
  2.641   5.089    0.54007E+04  -0.59505E+04   0.56892E+02  -0.11140E+06   0.76318E+05   0.18172E+08
  2.707   5.152   -0.52885E+04   0.15038E+05  -0.27798E+02   0.90789E+05  -0.30242E+05  -0.32534E+08
  2.773   5.215    0.36093E+04   0.26162E+05  -0.94981E+02   0.22754E+06  -0.16142E+06  -0.36076E+08
  2.841   5.278   -0.14946E+04   0.23570E+05  -0.10685E+03   0.23167E+06  -0.16722E+06  -0.40107E+08
  2.909   5.341   -0.53860E+02   0.10165E+05  -0.22422E+02   0.52850E+05  -0.35629E+05  -0.16350E+08
  2.977   5.404   -0.12321E+03  -0.18474E+03   0.92638E+02  -0.16427E+06   0.14869E+06   0.98152E+05
  3.047   5.466    0.19120E+04  -0.42732E+04   0.11042E+03  -0.19864E+06   0.17126E+06   0.99003E+07
  3.117   5.529   -0.38875E+04  -0.28093E+04   0.12410E+03  -0.21278E+06   0.20917E+06  -0.17339E+07
  3.189   5.592    0.42619E+04   0.54050E+04   0.69007E+00   0.12661E+05  -0.10230E+05  -0.18185E+07
  3.261   5.655   -0.26984E+04   0.99449E+04  -0.49590E+02   0.10655E+06  -0.72314E+05  -0.20237E+08
  3.334   5.718    0.61018E+03   0.84127E+04  -0.47963E+02   0.97987E+05  -0.78380E+05  -0.12482E+08
  3.407   5.781    0.10148E+03   0.44430E+04   0.16595E+02  -0.19076E+05   0.26609E+05  -0.69462E+07
  3.482   5.843    0.58498E+03   0.10461E+04   0.65348E+02  -0.10726E+06   0.10260E+06  -0.73600E+06
  3.557   5.906   -0.11440E+04  -0.55153E+03   0.64391E+02  -0.10886E+06   0.10625E+06  -0.95171E+06
  3.633   5.969    0.65965E+03   0.16200E+03   0.16006E+02  -0.27893E+05   0.23861E+05   0.79863E+06
  3.710   6.032    0.10264E+03   0.24751E+04  -0.32768E+02   0.58285E+05  -0.52627E+05  -0.37951E+07
  3.788   6.095   -0.25750E+03   0.28342E+04  -0.68781E+02   0.11702E+06  -0.10957E+06  -0.49486E+07
  3.866   6.158    0.83615E+02   0.12328E+04  -0.37877E+02   0.62597E+05  -0.60721E+05  -0.18381E+07
  3.946   6.220   -0.29905E+02  -0.55110E+03   0.46513E+01  -0.11041E+05   0.75875E+04   0.83448E+06
  4.026   6.283   -0.96753E+02  -0.13279E+04   0.22884E+02  -0.41840E+05   0.36807E+05   0.19698E+07
