  0.000   0.000    0.00000E+00   0.00000E+00   0.00000E+00   0.00000E+00   0.00000E+00   0.00000E+00
 -1.000  -1.000    0.00000E+00   0.00000E+00   0.00000E+00   0.00000E+00   0.00000E+00   0.00000E+00
  0.000   0.063    0.27569E+00  -0.25201E-13   0.58054E-04  -0.92886E-01   0.57188E+01   0.44110E+03
  0.002   0.126    0.34464E+02  -0.39829E-12   0.40027E-03  -0.64043E+00   0.69756E+03   0.55142E+05
  0.004   0.188    0.56232E+03  -0.35421E-11   0.51371E-03  -0.82194E+00   0.10939E+05   0.89972E+06
  0.006   0.251    0.38926E+04  -0.15419E-10  -0.34191E-02   0.54706E+01   0.71828E+05   0.62282E+07
  0.010   0.314    0.16333E+05  -0.48431E-10  -0.22413E-01   0.35860E+02   0.28290E+06   0.26133E+08
  0.014   0.377    0.47948E+05  -0.83162E-10  -0.76765E-01   0.12282E+03   0.77376E+06   0.76717E+08
  0.020   0.440    0.10450E+06  -0.22010E-09  -0.18928E+00   0.30285E+03   0.15626E+07   0.16719E+09
  0.026   0.503    0.17221E+06  -0.33106E-09  -0.35391E+00   0.56625E+03   0.23646E+07   0.27554E+09
  0.033   0.565    0.21342E+06   0.14279E-09  -0.47467E+00   0.75947E+03   0.25823E+07   0.34148E+09
  0.040   0.628    0.19810E+06   0.42655E-09  -0.39935E+00   0.63896E+03   0.15342E+07   0.31695E+09
  0.049   0.691    0.19884E+06   0.69099E-09  -0.16814E+00   0.26902E+03  -0.15746E+07   0.31814E+09
  0.058   0.754    0.57200E+06  -0.15548E-08   0.68961E-01  -0.11034E+03  -0.78667E+07   0.91520E+09
  0.068   0.817    0.15945E+07  -0.64442E-08   0.31499E+00  -0.50398E+03  -0.14989E+08   0.25512E+10
  0.079   0.880    0.23139E+07  -0.72182E-08   0.36558E+00  -0.58493E+03  -0.16332E+08   0.37022E+10
  0.091   0.942    0.23848E+07  -0.38854E-08   0.12990E+00  -0.20785E+03  -0.14828E+08   0.38157E+10
  0.103   1.005    0.25343E+07  -0.10523E-08   0.61999E-01  -0.99198E+02  -0.16342E+08   0.40549E+10
  0.116   1.068    0.42007E+07  -0.18722E-08   0.50289E-01  -0.80463E+02  -0.28693E+08   0.67211E+10
  0.130   1.131    0.77693E+07  -0.12177E-07   0.16456E+00  -0.26329E+03  -0.49644E+08   0.12431E+11
  0.145   1.194    0.61924E+07  -0.28595E-08  -0.28053E-01   0.44884E+02  -0.35417E+08   0.99078E+10
  0.161   1.257    0.37999E+07   0.16844E-08  -0.24007E+00   0.38410E+03  -0.19449E+08   0.60798E+10
  0.178   1.319    0.24653E+07   0.17258E-08  -0.90573E-01   0.14492E+03  -0.11814E+08   0.39445E+10
  0.195   1.382    0.24400E+07   0.34279E-08   0.13464E-01  -0.21542E+02  -0.11752E+08   0.39040E+10
  0.213   1.445    0.52878E+07   0.78039E-08   0.16783E+00  -0.26852E+03  -0.24288E+08   0.84606E+10
  0.232   1.508    0.45803E+07  -0.39290E-09   0.57076E-01  -0.91322E+02  -0.19500E+08   0.73285E+10
  0.252   1.571    0.36468E+07  -0.31014E-09  -0.24398E-01   0.39036E+02  -0.14546E+08   0.58349E+10
  0.272   1.634    0.37485E+07   0.77844E-08  -0.33528E-01   0.53644E+02  -0.14058E+08   0.59976E+10
  0.293   1.696    0.29543E+07  -0.25939E-08  -0.17568E-03   0.28108E+00  -0.10375E+08   0.47268E+10
  0.316   1.759    0.17378E+07   0.10061E-08   0.14602E+00  -0.23363E+03  -0.58271E+07   0.27805E+10
  0.339   1.822    0.16082E+07   0.42101E-08  -0.19939E+00   0.31903E+03  -0.50243E+07   0.25732E+10
  0.362   1.885    0.28265E+07   0.15497E-07  -0.28920E+00   0.46273E+03  -0.77795E+07   0.45223E+10
  0.387   1.948    0.25038E+07  -0.11245E-07   0.99074E+00  -0.15852E+04  -0.74724E+07   0.40061E+10
  0.412   2.011    0.16958E+07   0.62073E-08  -0.53810E+00   0.86097E+03  -0.42569E+07   0.27132E+10
  0.438   2.073    0.15941E+07   0.45101E-08  -0.19968E-01   0.31948E+02  -0.37718E+07   0.25505E+10
  0.465   2.136    0.10893E+07   0.50798E-08  -0.25478E+00   0.40764E+03  -0.23080E+07   0.17429E+10
  0.493   2.199    0.10513E+07   0.51725E-08   0.76839E+00  -0.12294E+04  -0.20105E+07   0.16821E+10
  0.522   2.262    0.15956E+07   0.13149E-07  -0.27081E+00   0.43329E+03  -0.26355E+07   0.25529E+10
  0.551   2.325    0.76578E+06   0.13977E-07  -0.94016E-01   0.15043E+03  -0.84663E+06   0.12252E+10
  0.581   2.388    0.35924E+06   0.31264E-07   0.45908E-02  -0.73453E+01   0.57426E+06   0.57479E+09
  0.612   2.450    0.11946E+06  -0.12463E-07   0.86717E-02  -0.13875E+02   0.80437E+05   0.19114E+09
  0.644   2.513    0.61233E+06  -0.15955E-07   0.73564E-01  -0.11770E+03  -0.18113E+07   0.97974E+09
  0.677   2.576    0.79828E+06  -0.15007E-09   0.56347E-01  -0.90155E+02  -0.18987E+07   0.12773E+10
  0.710   2.639    0.70697E+06  -0.66938E-08   0.55456E-01  -0.88729E+02  -0.15513E+07   0.11311E+10
  0.744   2.702    0.46775E+06  -0.21196E-08   0.34838E-01  -0.55740E+02  -0.97289E+06   0.74839E+09
  0.779   2.765    0.59042E+06   0.48436E-08   0.31816E-01  -0.50905E+02  -0.11140E+07   0.94467E+09
  0.815   2.827    0.41590E+06   0.67755E-08  -0.30577E-02   0.48924E+01  -0.81728E+06   0.66543E+09
  0.852   2.890    0.73252E+06   0.31037E-10   0.23333E-01  -0.37333E+02  -0.13854E+07   0.11720E+10
  0.889   2.953    0.40436E+06   0.44106E-08  -0.26472E+00   0.42355E+03  -0.65666E+06   0.64697E+09
  0.928   3.016    0.38188E+06   0.39206E-08   0.13667E-01  -0.21866E+02  -0.39924E+06   0.61100E+09
  0.967   3.079    0.29724E+06   0.72223E-08   0.80934E-01  -0.12950E+03  -0.22384E+06   0.47559E+09
  1.006   3.142    0.23154E+06   0.62323E-08  -0.46984E+00   0.75174E+03   0.18118E+06   0.37047E+09
  1.047   3.204    0.28584E+05   0.34725E-08   0.13164E+00  -0.21062E+03   0.39779E+06   0.45735E+08
  1.089   3.267   -0.34795E+05   0.19058E-08   0.94208E-01  -0.15073E+03   0.46387E+06  -0.55672E+08
  1.131   3.330    0.53470E+05  -0.16387E-07   0.19214E-01  -0.30742E+02  -0.54665E+05   0.85552E+08
  1.174   3.393    0.26315E+06  -0.13310E-07   0.10796E-01  -0.17273E+02  -0.70787E+06   0.42104E+09
  1.218   3.456    0.24160E+06   0.20084E-08   0.96119E+00  -0.15379E+04  -0.58754E+06   0.38656E+09
  1.262   3.519    0.30919E+06  -0.15689E-08  -0.90049E+00   0.14408E+04  -0.68182E+06   0.49470E+09
  1.308   3.581    0.18775E+06  -0.10755E-09  -0.39330E+01   0.62928E+04  -0.29609E+06   0.30039E+09
  1.354   3.644    0.16065E+06   0.50111E-08   0.19631E+01  -0.31410E+04  -0.21829E+06   0.25704E+09
  1.401   3.707    0.90040E+05   0.27646E-08   0.58140E+01  -0.93024E+04   0.13812E+05   0.14406E+09
  1.449   3.770    0.46903E+05   0.68762E-08   0.38077E+00  -0.60923E+03   0.66054E+05   0.75046E+08
  1.498   3.833   -0.79907E+03   0.47060E-08  -0.28425E+01   0.45480E+04   0.23381E+06  -0.12785E+07
  1.547   3.896   -0.47042E+05   0.26566E-08  -0.11337E+01   0.18139E+04   0.28963E+06  -0.75266E+08
  1.598   3.958   -0.16340E+05  -0.38165E-08   0.30953E-01  -0.49525E+02   0.12572E+06  -0.26144E+08
  1.649   4.021    0.70306E+05  -0.45325E-08   0.43938E-01  -0.70301E+02  -0.19367E+06   0.11249E+09
  1.701   4.084    0.10998E+06  -0.54316E-08   0.98271E-01  -0.15723E+03  -0.30483E+06   0.17596E+09
  1.754   4.147    0.15582E+06  -0.19811E-08  -0.35594E+00   0.56950E+03  -0.40336E+06   0.24931E+09
  1.807   4.210    0.10307E+06   0.32966E-09  -0.22584E+00   0.36135E+03  -0.22332E+06   0.16491E+09
  1.861   4.273    0.54610E+05   0.26631E-08  -0.32868E+00   0.52588E+03  -0.70930E+05   0.87376E+08
  1.917   4.335    0.10558E+05   0.29578E-08   0.12630E+01  -0.20209E+04   0.88483E+05   0.16892E+08
  1.973   4.398   -0.28246E+05   0.36066E-08  -0.34086E+00   0.54538E+03   0.17577E+06  -0.45194E+08
  2.029   4.461   -0.53765E+05   0.11319E-08   0.82896E+00  -0.13263E+04   0.22024E+06  -0.86023E+08
  2.087   4.524   -0.25224E+05  -0.14063E-09  -0.41988E+00   0.67181E+03   0.94967E+05  -0.40359E+08
  2.145   4.587    0.13246E+05  -0.25003E-08   0.53255E-01  -0.85209E+02  -0.40098E+05   0.21193E+08
  2.204   4.650    0.40461E+05  -0.23418E-08   0.30425E+00  -0.48680E+03  -0.12127E+06   0.64737E+08
  2.264   4.712    0.68864E+05  -0.94718E-09  -0.10043E+01   0.16069E+04  -0.19088E+06   0.11018E+09
  2.325   4.775    0.48424E+05   0.16956E-09   0.11530E+01  -0.18447E+04  -0.11788E+06   0.77479E+08
  2.387   4.838    0.26521E+05   0.11949E-08  -0.16814E+01   0.26902E+04  -0.36259E+05   0.42434E+08
  2.449   4.901   -0.47246E+04   0.94418E-09   0.16803E+01  -0.26886E+04   0.47410E+05  -0.75594E+07
  2.512   4.964   -0.22480E+05   0.37772E-09  -0.15556E+01   0.24890E+04   0.94936E+05  -0.35968E+08
  2.576   5.027   -0.16627E+05  -0.71545E-09   0.85595E+00  -0.13695E+04   0.60301E+05  -0.26603E+08
  2.641   5.089   -0.44950E+04  -0.79154E-09  -0.23610E-01   0.37776E+02   0.15371E+05  -0.71919E+07
  2.707   5.152    0.11645E+05  -0.58282E-09  -0.69571E+00   0.11131E+04  -0.35906E+05   0.18633E+08
  2.773   5.215    0.20813E+05   0.24295E-09   0.90745E+00  -0.14519E+04  -0.60075E+05   0.33300E+08
  2.841   5.278    0.17766E+05   0.12199E-08  -0.59642E+00   0.95427E+03  -0.45724E+05   0.28426E+08
  2.909   5.341    0.83616E+04   0.91597E-09  -0.50053E-01   0.80084E+02  -0.14097E+05   0.13379E+08
  2.977   5.404   -0.56423E+03   0.57610E-09   0.44491E+00  -0.71185E+03   0.13360E+05  -0.90278E+06
  3.047   5.466   -0.36645E+04   0.17687E-09  -0.55227E+00   0.88363E+03   0.18401E+05  -0.58632E+07
  3.117   5.529   -0.21933E+04  -0.60888E-09   0.37390E+00  -0.59824E+03   0.11002E+05  -0.35092E+07
  3.189   5.592    0.43972E+04  -0.33160E-09  -0.44556E+00   0.71290E+03  -0.11345E+05   0.70355E+07
  3.261   5.655    0.70097E+04  -0.13703E-09   0.78940E+00  -0.12630E+04  -0.19102E+05   0.11215E+08
  3.334   5.718    0.74552E+04   0.63601E-09  -0.57906E+00   0.92650E+03  -0.18875E+05   0.11928E+08
  3.407   5.781    0.29685E+04   0.18843E-09  -0.70767E+00   0.11323E+04  -0.47173E+04   0.47497E+07
  3.482   5.843    0.76842E+03   0.18800E-09   0.19746E+01  -0.31594E+04   0.22972E+04   0.12295E+07
  3.557   5.906   -0.63018E+03  -0.20997E-09  -0.18250E+01   0.29200E+04   0.53083E+04  -0.10083E+07
  3.633   5.969    0.70066E+03  -0.34655E-09   0.71004E+00  -0.11361E+04  -0.22975E+03   0.11211E+07
  3.710   6.032    0.13463E+04  -0.69841E-09  -0.52595E+00   0.84152E+03  -0.27885E+04   0.21540E+07
  3.788   6.095    0.24368E+04  -0.10445E-09   0.15583E+01  -0.24932E+04  -0.61351E+04   0.38989E+07
  3.866   6.158    0.11571E+04   0.20632E-09  -0.17862E+01   0.28579E+04  -0.19325E+04   0.18514E+07
  3.946   6.220   -0.44317E+03   0.11425E-09   0.42398E+00  -0.67836E+03   0.25928E+04  -0.70908E+06
  4.026   6.283   -0.11751E+04  -0.94929E-11   0.60885E+00  -0.97416E+03   0.45409E+04  -0.18802E+07
