  0.000   0.000    0.00000E+00   0.00000E+00   0.00000E+00   0.00000E+00   0.00000E+00   0.00000E+00
 -1.000  -1.000    0.00000E+00   0.00000E+00   0.00000E+00   0.00000E+00   0.00000E+00   0.00000E+00
  0.000   0.063    0.44110E+03  -0.44111E+03   0.92886E-01   0.90016E+04   0.92988E+04   0.14115E+07
  0.002   0.126    0.55142E+05  -0.55143E+05   0.64043E+00   0.11151E+07   0.11171E+07   0.17646E+09
  0.004   0.188    0.89972E+06  -0.89973E+06   0.82194E+00   0.17501E+08   0.17504E+08   0.28791E+10
  0.006   0.251    0.62282E+07  -0.62283E+07  -0.54706E+01   0.11493E+09   0.11492E+09   0.19930E+11
  0.010   0.314    0.26133E+08  -0.26134E+08  -0.35860E+02   0.45270E+09   0.45259E+09   0.83627E+11
  0.014   0.377    0.76717E+08  -0.76718E+08  -0.12282E+03   0.12382E+10   0.12378E+10   0.24550E+12
  0.020   0.440    0.16719E+09  -0.16720E+09  -0.30285E+03   0.25006E+10   0.24996E+10   0.53503E+12
  0.026   0.503    0.27554E+09  -0.27555E+09  -0.56625E+03   0.37842E+10   0.37824E+10   0.88177E+12
  0.033   0.565    0.34148E+09  -0.34149E+09  -0.75947E+03   0.41329E+10   0.41304E+10   0.10929E+13
  0.040   0.628    0.31695E+09  -0.31696E+09  -0.63896E+03   0.24557E+10   0.24537E+10   0.10147E+13
  0.049   0.691    0.31814E+09  -0.31815E+09  -0.26902E+03  -0.25190E+10  -0.25198E+10   0.10194E+13
  0.058   0.754    0.91520E+09  -0.91522E+09   0.11034E+03  -0.12587E+11  -0.12587E+11   0.29318E+13
  0.068   0.817    0.25512E+10  -0.25512E+10   0.50398E+03  -0.23983E+11  -0.23981E+11   0.81690E+13
  0.079   0.880    0.37022E+10  -0.37023E+10   0.58493E+03  -0.26133E+11  -0.26130E+11   0.11854E+14
  0.091   0.942    0.38157E+10  -0.38158E+10   0.20785E+03  -0.23726E+11  -0.23724E+11   0.12217E+14
  0.103   1.005    0.40549E+10  -0.40550E+10   0.99198E+02  -0.26147E+11  -0.26146E+11   0.12982E+14
  0.116   1.068    0.67211E+10  -0.67212E+10   0.80463E+02  -0.45910E+11  -0.45909E+11   0.21516E+14
  0.130   1.131    0.12431E+11  -0.12431E+11   0.26329E+03  -0.79433E+11  -0.79431E+11   0.39791E+14
  0.145   1.194    0.99078E+10  -0.99079E+10  -0.44884E+02  -0.56668E+11  -0.56667E+11   0.31718E+14
  0.161   1.257    0.60798E+10  -0.60799E+10  -0.38410E+03  -0.31118E+11  -0.31118E+11   0.19465E+14
  0.178   1.319    0.39445E+10  -0.39446E+10  -0.14492E+03  -0.18903E+11  -0.18903E+11   0.12631E+14
  0.195   1.382    0.39040E+10  -0.39040E+10   0.21542E+02  -0.18804E+11  -0.18804E+11   0.12503E+14
  0.213   1.445    0.84606E+10  -0.84607E+10   0.26852E+03  -0.38862E+11  -0.38861E+11   0.27085E+14
  0.232   1.508    0.73285E+10  -0.73286E+10   0.91322E+02  -0.31200E+11  -0.31199E+11   0.23459E+14
  0.252   1.571    0.58349E+10  -0.58349E+10  -0.39036E+02  -0.23273E+11  -0.23273E+11   0.18678E+14
  0.272   1.634    0.59976E+10  -0.59977E+10  -0.53644E+02  -0.22492E+11  -0.22492E+11   0.19200E+14
  0.293   1.696    0.47268E+10  -0.47270E+10  -0.28108E+00  -0.16601E+11  -0.16601E+11   0.15133E+14
  0.316   1.759    0.27805E+10  -0.27805E+10   0.23363E+03  -0.93236E+10  -0.93229E+10   0.89025E+13
  0.339   1.822    0.25732E+10  -0.25732E+10  -0.31903E+03  -0.80382E+10  -0.80393E+10   0.82389E+13
  0.362   1.885    0.45223E+10  -0.45226E+10  -0.46273E+03  -0.12447E+11  -0.12448E+11   0.14477E+14
  0.387   1.948    0.40061E+10  -0.40061E+10   0.15852E+04  -0.11958E+11  -0.11953E+11   0.12823E+14
  0.412   2.011    0.27132E+10  -0.27132E+10  -0.86097E+03  -0.68097E+10  -0.68124E+10   0.86858E+13
  0.438   2.073    0.25505E+10  -0.25506E+10  -0.31948E+02  -0.60351E+10  -0.60350E+10   0.81654E+13
  0.465   2.136    0.17429E+10  -0.17429E+10  -0.40764E+03  -0.36922E+10  -0.36935E+10   0.55801E+13
  0.493   2.199    0.16821E+10  -0.16821E+10   0.12294E+04  -0.32188E+10  -0.32149E+10   0.53853E+13
  0.522   2.262    0.25529E+10  -0.25530E+10  -0.43329E+03  -0.42164E+10  -0.42175E+10   0.81720E+13
  0.551   2.325    0.12252E+10  -0.12252E+10  -0.15043E+03  -0.13544E+10  -0.13548E+10   0.39222E+13
  0.581   2.388    0.57479E+09  -0.57487E+09   0.73453E+01   0.91866E+09   0.91883E+09   0.18401E+13
  0.612   2.450    0.19114E+09  -0.19109E+09   0.13875E+02   0.12896E+09   0.12872E+09   0.61139E+12
  0.644   2.513    0.97974E+09  -0.97968E+09   0.11770E+03  -0.28981E+10  -0.28979E+10   0.31365E+13
  0.677   2.576    0.12773E+10  -0.12774E+10   0.90155E+02  -0.30383E+10  -0.30377E+10   0.40892E+13
  0.710   2.639    0.11311E+10  -0.11311E+10   0.88729E+02  -0.24821E+10  -0.24819E+10   0.36213E+13
  0.744   2.702    0.74839E+09  -0.74843E+09   0.55740E+02  -0.15568E+10  -0.15565E+10   0.23964E+13
  0.779   2.765    0.94467E+09  -0.94467E+09   0.50905E+02  -0.17825E+10  -0.17823E+10   0.30245E+13
  0.815   2.827    0.66543E+09  -0.66549E+09  -0.48924E+01  -0.13077E+10  -0.13076E+10   0.21307E+13
  0.852   2.890    0.11720E+10  -0.11720E+10   0.37333E+02  -0.22167E+10  -0.22165E+10   0.37518E+13
  0.889   2.953    0.64697E+09  -0.64693E+09  -0.42355E+03  -0.10499E+10  -0.10513E+10   0.20711E+13
  0.928   3.016    0.61100E+09  -0.61109E+09   0.21866E+02  -0.63890E+09  -0.63875E+09   0.19562E+13
  0.967   3.079    0.47559E+09  -0.47558E+09   0.12950E+03  -0.35841E+09  -0.35793E+09   0.15224E+13
  1.006   3.142    0.37047E+09  -0.37052E+09  -0.75174E+03   0.29111E+09   0.28869E+09   0.11858E+13
  1.047   3.204    0.45735E+08  -0.45730E+08   0.21062E+03   0.63634E+09   0.63680E+09   0.14623E+12
  1.089   3.267   -0.55672E+08   0.55580E+08   0.15073E+03   0.74150E+09   0.74243E+09  -0.17829E+12
  1.131   3.330    0.85552E+08  -0.85500E+08   0.30742E+02  -0.87316E+08  -0.87415E+08   0.27372E+12
  1.174   3.393    0.42104E+09  -0.42130E+09   0.17273E+02  -0.11335E+10  -0.11326E+10   0.13482E+13
  1.218   3.456    0.38656E+09  -0.38678E+09   0.15379E+04  -0.94324E+09  -0.93760E+09   0.12380E+13
  1.262   3.519    0.49470E+09  -0.49384E+09  -0.14408E+04  -0.10866E+10  -0.10932E+10   0.15824E+13
  1.308   3.581    0.30039E+09  -0.30038E+09  -0.62928E+04  -0.46343E+09  -0.48382E+09   0.96182E+12
  1.354   3.644    0.25704E+09  -0.25776E+09   0.31410E+04  -0.35552E+09  -0.34424E+09   0.82416E+12
  1.401   3.707    0.14406E+09  -0.14414E+09   0.93024E+04   0.64078E+07   0.36983E+08   0.46142E+12
  1.449   3.770    0.75046E+08  -0.74929E+08   0.60923E+03   0.10361E+09   0.10666E+09   0.24005E+12
  1.498   3.833   -0.12785E+07   0.11860E+07  -0.45480E+04   0.38085E+09   0.36681E+09  -0.40371E+10
  1.547   3.896   -0.75266E+08   0.75628E+08  -0.18139E+04   0.46813E+09   0.46050E+09  -0.24164E+12
  1.598   3.958   -0.26144E+08   0.26450E+08   0.49525E+02   0.20225E+09   0.20123E+09  -0.84287E+11
  1.649   4.021    0.11249E+09  -0.11254E+09   0.70301E+02  -0.31019E+09  -0.30977E+09   0.36011E+12
  1.701   4.084    0.17596E+09  -0.17590E+09   0.15723E+03  -0.48781E+09  -0.48747E+09   0.56323E+12
  1.754   4.147    0.24931E+09  -0.24905E+09  -0.56950E+03  -0.64379E+09  -0.64629E+09   0.79771E+12
  1.807   4.210    0.16491E+09  -0.16487E+09  -0.36135E+03  -0.35662E+09  -0.35788E+09   0.52791E+12
  1.861   4.273    0.87376E+08  -0.87472E+08  -0.52588E+03  -0.11291E+09  -0.11433E+09   0.27993E+12
  1.917   4.335    0.16892E+08  -0.16850E+08   0.20209E+04   0.13830E+09   0.14481E+09   0.54047E+11
  1.973   4.398   -0.45194E+08   0.45102E+08  -0.54538E+03   0.28158E+09   0.28036E+09  -0.14453E+12
  2.029   4.461   -0.86023E+08   0.85881E+08   0.13263E+04   0.34961E+09   0.35450E+09  -0.27516E+12
  2.087   4.524   -0.40359E+08   0.40242E+08  -0.67181E+03   0.15261E+09   0.15087E+09  -0.12905E+12
  2.145   4.587    0.21193E+08  -0.21199E+08   0.85209E+02  -0.64310E+08  -0.64020E+08   0.67838E+11
  2.204   4.650    0.64737E+08  -0.64624E+08   0.48680E+03  -0.19446E+09  -0.19326E+09   0.20706E+12
  2.264   4.712    0.11018E+09  -0.11012E+09  -0.16069E+04  -0.30268E+09  -0.30799E+09   0.35262E+12
  2.325   4.775    0.77479E+08  -0.77425E+08   0.18447E+04  -0.19140E+09  -0.18566E+09   0.24795E+12
  2.387   4.838    0.42434E+08  -0.42435E+08  -0.26902E+04  -0.53733E+08  -0.62319E+08   0.13584E+12
  2.449   4.901   -0.75594E+07   0.75733E+07   0.26886E+04   0.71696E+08   0.80157E+08  -0.24225E+11
  2.512   4.964   -0.35968E+08   0.36009E+08  -0.24890E+04   0.15605E+09   0.14792E+09  -0.11522E+12
  2.576   5.027   -0.26603E+08   0.26620E+08   0.13695E+04   0.94320E+08   0.98672E+08  -0.85189E+11
  2.641   5.089   -0.71919E+07   0.73834E+07  -0.37776E+02   0.25299E+08   0.24534E+08  -0.23338E+11
  2.707   5.152    0.18633E+08  -0.19126E+08  -0.11131E+04  -0.57159E+08  -0.59230E+08   0.60460E+11
  2.773   5.215    0.33300E+08  -0.32461E+08   0.14519E+04  -0.96101E+08  -0.93798E+08   0.10525E+12
  2.841   5.278    0.28426E+08  -0.29451E+08  -0.95427E+03  -0.74282E+08  -0.74686E+08   0.92642E+11
  2.909   5.341    0.13379E+08  -0.12519E+08  -0.80084E+02  -0.20494E+08  -0.22684E+08   0.41444E+11
  2.977   5.404   -0.90278E+06   0.50889E+06   0.71185E+03   0.19715E+08   0.22516E+08  -0.22723E+10
  3.047   5.466   -0.58632E+07   0.57202E+07  -0.88363E+03   0.29983E+08   0.28027E+08  -0.18558E+11
  3.117   5.529   -0.35092E+07   0.37156E+07   0.59824E+03   0.17357E+08   0.18561E+08  -0.11558E+11
  3.189   5.592    0.70355E+07  -0.66480E+07  -0.71290E+03  -0.15828E+08  -0.19293E+08   0.21888E+11
  3.261   5.655    0.11215E+08  -0.12390E+08   0.12630E+04  -0.35886E+08  -0.28542E+08   0.37794E+11
  3.334   5.718    0.11928E+08  -0.10561E+08  -0.92650E+03  -0.25201E+08  -0.31683E+08   0.35995E+11
  3.407   5.781    0.47497E+07  -0.54794E+07  -0.11323E+04  -0.73265E+07  -0.93593E+07   0.16370E+11
  3.482   5.843    0.12295E+07  -0.11824E+07   0.31594E+04  -0.13811E+07   0.87306E+07   0.38513E+10
  3.557   5.906   -0.10083E+07   0.80883E+06  -0.29200E+04   0.12221E+08   0.38212E+07  -0.29101E+10
  3.633   5.969    0.11211E+07  -0.20625E+06   0.11361E+04   0.93552E+06   0.14501E+07   0.21184E+10
  3.710   6.032    0.21540E+07  -0.31531E+07  -0.84152E+03  -0.61944E+07  -0.58080E+07   0.84945E+10
  3.788   6.095    0.38989E+07  -0.36258E+07   0.24932E+04  -0.12938E+08  -0.58270E+07   0.12048E+11
  3.866   6.158    0.18514E+07  -0.15859E+07  -0.28579E+04   0.19555E+07  -0.76647E+07   0.55029E+10
  3.946   6.220   -0.70908E+06   0.68430E+06   0.67836E+03   0.33929E+07   0.52338E+07  -0.22307E+10
  4.026   6.283   -0.18802E+07   0.16981E+07   0.97416E+03   0.50652E+07   0.88240E+07  -0.57279E+10
