  0.000   0.000  -0.000000E+00  0.000000E+00
 -1.000  -1.000   0.000000E+00  0.000000E+00
  0.000   0.063  -0.154816E+03 -0.440037E+07
  0.002   0.126  -0.225628E+04 -0.426063E+07
  0.004   0.188  -0.961887E+04 -0.402261E+07
  0.006   0.251  -0.229157E+05 -0.368639E+07
  0.010   0.314  -0.349681E+05 -0.326030E+07
  0.014   0.377  -0.280558E+05 -0.276147E+07
  0.020   0.440   0.221896E+05 -0.221270E+07
  0.026   0.503   0.132506E+06 -0.163696E+07
  0.033   0.565   0.286628E+06 -0.105892E+07
  0.040   0.628   0.423890E+06 -0.531986E+06
  0.049   0.691   0.496457E+06 -0.150697E+06
  0.058   0.754   0.517821E+06  0.345035E+05
  0.068   0.817   0.505350E+06  0.671877E+05
  0.079   0.880   0.457154E+06  0.327027E+05
  0.091   0.942   0.364294E+06  0.299767E+05
  0.103   1.005   0.150606E+06  0.459645E+05
  0.116   1.068   0.168937E+05 -0.389627E+04
  0.130   1.131  -0.269478E+05  0.495047E+04
  0.145   1.194  -0.282531E+05  0.325801E+05
  0.161   1.257  -0.247025E+05  0.588580E+05
  0.178   1.319  -0.308245E+05  0.112161E+05
  0.195   1.382  -0.467047E+04 -0.482945E+04
  0.213   1.445  -0.311700E+04 -0.712303E+04
  0.232   1.508  -0.817140E+04 -0.508971E+04
  0.252   1.571  -0.623202E+04 -0.527002E+04
  0.272   1.634  -0.258529E+04 -0.155857E+04
  0.293   1.696  -0.204442E+03 -0.179824E+04
  0.316   1.759   0.193811E+04 -0.365763E+04
  0.339   1.822   0.155363E+04 -0.117092E+04
  0.362   1.885   0.485298E+03  0.127066E+03
  0.387   1.948  -0.176722E+04  0.697928E+03
  0.412   2.011   0.292058E+03 -0.159711E+03
  0.438   2.073  -0.511681E+02 -0.583514E+02
  0.465   2.136  -0.409858E+03 -0.181171E+02
  0.493   2.199  -0.164478E+03  0.247881E+03
  0.522   2.262   0.473720E+02  0.546106E+02
  0.551   2.325   0.296151E+02 -0.255127E+02
  0.581   2.388   0.234176E+02  0.590679E+02
  0.612   2.450  -0.216462E+02  0.108212E+03
  0.644   2.513  -0.251094E+03  0.208927E+03
  0.677   2.576  -0.191276E+03  0.135956E+03
  0.710   2.639  -0.253156E+03 -0.327589E+03
  0.744   2.702  -0.238420E+03 -0.585454E+03
  0.779   2.765   0.320625E+03 -0.272655E+03
  0.815   2.827   0.605014E+03 -0.158577E+02
  0.852   2.890   0.707944E+02  0.248164E+02
  0.889   2.953   0.503180E+01 -0.707807E+02
  0.928   3.016   0.702672E+02  0.123602E+02
  0.967   3.079  -0.246083E+03  0.428746E+03
  1.006   3.142  -0.214165E+03  0.536782E+02
  1.047   3.204  -0.459256E+03 -0.493440E+03
  1.089   3.267  -0.908095E+02 -0.240976E+03
  1.131   3.330   0.546532E+03 -0.430935E+03
  1.174   3.393   0.231158E+03  0.142136E+03
  1.218   3.456   0.719561E+02  0.706560E+03
  1.262   3.519  -0.235689E+03  0.621670E+02
  1.308   3.581  -0.341151E+03 -0.216010E+02
  1.354   3.644   0.737210E+02 -0.227225E+02
  1.401   3.707  -0.296215E+02  0.860944E+02
  1.449   3.770   0.901453E+01 -0.166260E+03
  1.498   3.833   0.104326E+03  0.228642E+02
  1.547   3.896   0.287538E+03  0.305657E+03
  1.598   3.958  -0.257981E+03  0.182351E+03
  1.649   4.021  -0.166178E+03  0.600511E+02
  1.701   4.084  -0.441572E+02 -0.319771E+03
  1.754   4.147   0.143434E+03  0.273932E+02
  1.807   4.210   0.834445E+02  0.465704E+02
  1.861   4.273  -0.577547E+02  0.178373E+02
  1.917   4.335   0.686049E+01 -0.312540E+01
  1.973   4.398  -0.206291E+02  0.252141E+02
  2.029   4.461  -0.139910E+03 -0.125396E+03
  2.087   4.524   0.130650E+03 -0.110522E+03
  2.145   4.587   0.550200E+02  0.790105E+01
  2.204   4.650  -0.454176E+01  0.102745E+03
  2.264   4.712  -0.105719E+03 -0.702578E+02
  2.325   4.775   0.376842E+02 -0.386963E+02
  2.387   4.838   0.324743E+01 -0.682261E+00
  2.449   4.901   0.287611E+01 -0.256320E+02
  2.512   4.964   0.596128E+02  0.413517E+02
  2.576   5.027  -0.649744E+02  0.454879E+02
  2.641   5.089  -0.125340E+02 -0.343103E+02
  2.707   5.152   0.162202E+02 -0.173343E+02
  2.773   5.215   0.314881E+02  0.261630E+02
  2.841   5.278  -0.211242E+02  0.146327E+02
  2.909   5.341  -0.118431E+00  0.669112E-01
  2.977   5.404  -0.159821E+02 -0.126044E+02
  3.047   5.466   0.138547E+02 -0.205227E+02
  3.117   5.529   0.115099E+02 -0.138182E+01
  3.189   5.592  -0.608952E+01  0.438547E+01
  3.261   5.655  -0.146217E+02 -0.232576E+02
  3.334   5.718   0.103848E+02 -0.180654E+02
  3.407   5.781   0.148505E+00 -0.116566E+02
  3.482   5.843   0.920875E+01 -0.560074E+01
  3.557   5.906  -0.147523E+02 -0.106456E+01
  3.633   5.969  -0.140109E+00 -0.260230E+02
  3.710   6.032   0.130163E+02  0.865487E+00
  3.788   6.095  -0.797057E+01  0.262095E+00
  3.866   6.158  -0.200922E+00 -0.691900E+01
  3.946   6.220  -0.125223E+01 -0.274510E+01
  4.026   6.283   0.363636E+01 -0.401064E+01
