  0.000   0.000  -0.000000E+00  0.000000E+00
 -1.000  -1.000   0.000000E+00  0.000000E+00
  0.000   0.063  -0.135382E+07  0.100539E+05
  0.002   0.126  -0.521860E+07  0.158875E+06
  0.004   0.188  -0.110169E+08  0.763519E+06
  0.006   0.251  -0.178337E+08  0.223262E+07
  0.010   0.314  -0.245006E+08  0.491158E+07
  0.014   0.377  -0.297437E+08  0.894833E+07
  0.020   0.440  -0.324482E+08  0.142599E+08
  0.026   0.503  -0.320874E+08  0.205838E+08
  0.033   0.565  -0.291420E+08  0.274580E+08
  0.040   0.628  -0.251152E+08  0.340917E+08
  0.049   0.691  -0.219931E+08  0.392869E+08
  0.058   0.754  -0.212262E+08  0.410144E+08
  0.068   0.817  -0.205563E+08  0.368416E+08
  0.079   0.880  -0.158309E+08  0.302059E+08
  0.091   0.942  -0.101232E+08  0.244577E+08
  0.103   1.005  -0.655775E+07  0.175261E+08
  0.116   1.068  -0.786650E+07  0.607452E+07
  0.130   1.131  -0.658996E+07 -0.144392E+08
  0.145   1.194   0.161946E+07 -0.226440E+08
  0.161   1.257   0.134606E+07 -0.196315E+08
  0.178   1.319  -0.100952E+07 -0.137925E+08
  0.195   1.382   0.387126E+07 -0.897211E+07
  0.213   1.445   0.145498E+08 -0.140993E+06
  0.232   1.508   0.165014E+08  0.532981E+07
  0.252   1.571   0.136201E+08  0.349927E+07
  0.272   1.634   0.800334E+07  0.312106E+07
  0.293   1.696   0.602344E+06  0.652238E+07
  0.316   1.759  -0.144281E+07  0.683760E+07
  0.339   1.822  -0.517296E+06  0.575540E+07
  0.362   1.885  -0.149296E+07  0.115467E+07
  0.387   1.948  -0.179492E+07 -0.259180E+07
  0.412   2.011  -0.154872E+07 -0.183766E+07
  0.438   2.073   0.147163E+06 -0.781684E+06
  0.465   2.136   0.239026E+07 -0.112583E+07
  0.493   2.199   0.192117E+07 -0.181541E+07
  0.522   2.262   0.147384E+07 -0.832155E+06
  0.551   2.325   0.105461E+07  0.135832E+07
  0.581   2.388   0.882912E+06  0.105383E+07
  0.612   2.450   0.279737E+06 -0.296180E+06
  0.644   2.513   0.303556E+06  0.707286E+06
  0.677   2.576   0.184592E+06  0.431312E+06
  0.710   2.639  -0.376143E+06 -0.594595E+06
  0.744   2.702  -0.681669E+06 -0.315805E+06
  0.779   2.765   0.405141E+06 -0.446629E+06
  0.815   2.827   0.419597E+06 -0.672188E+06
  0.852   2.890   0.119320E+06 -0.318400E+04
  0.889   2.953   0.319278E+06  0.466856E+06
  0.928   3.016  -0.112518E+06  0.232736E+06
  0.967   3.079  -0.740613E+06  0.109385E+06
  1.006   3.142  -0.350629E+06 -0.105570E+06
  1.047   3.204  -0.841672E+05 -0.406526E+06
  1.089   3.267  -0.906834E+05 -0.517973E+05
  1.131   3.330  -0.125246E+06  0.240982E+04
  1.174   3.393  -0.105268E+06 -0.536731E+05
  1.218   3.456   0.164940E+06  0.972844E+05
  1.262   3.519  -0.139708E+06  0.159448E+06
  1.308   3.581  -0.249122E+06  0.260670E+06
  1.354   3.644  -0.169061E+06 -0.166631E+06
  1.401   3.707  -0.107055E+06 -0.170883E+06
  1.449   3.770   0.279751E+06 -0.243438E+05
  1.498   3.833   0.642727E+05  0.788926E+05
  1.547   3.896  -0.134088E+04  0.138466E+06
  1.598   3.958   0.201866E+05 -0.388856E+05
  1.649   4.021   0.721766E+05  0.242156E+05
  1.701   4.084  -0.324936E+05 -0.878025E+04
  1.754   4.147   0.797972E+05 -0.619341E+05
  1.807   4.210   0.113430E+06 -0.738817E+05
  1.861   4.273   0.113292E+06  0.127785E+06
  1.917   4.335  -0.482050E+05  0.114618E+05
  1.973   4.398  -0.351222E+05 -0.127319E+05
  2.029   4.461   0.447621E+05 -0.707500E+05
  2.087   4.524   0.172506E+05  0.310044E+05
  2.145   4.587  -0.155931E+05 -0.405330E+04
  2.204   4.650   0.154643E+05  0.583548E+03
  2.264   4.712  -0.516951E+05  0.501221E+05
  2.325   4.775  -0.475368E+05 -0.409142E+05
  2.387   4.838  -0.103689E+05 -0.220039E+05
  2.449   4.901   0.264949E+05  0.253099E+04
  2.512   4.964  -0.339692E+05  0.385685E+05
  2.576   5.027  -0.195131E+05 -0.190910E+05
  2.641   5.089   0.134282E+04  0.759009E+03
  2.707   5.152  -0.408460E+04 -0.245902E+04
  2.773   5.215   0.199113E+05 -0.185045E+05
  2.841   5.278   0.274510E+05  0.292066E+05
  2.909   5.341  -0.198278E+05  0.290602E+03
  2.977   5.404   0.242909E+05 -0.198630E+05
  3.047   5.466   0.197023E+05  0.784787E+04
  3.117   5.529   0.943067E+04  0.796709E+03
  3.189   5.592   0.128158E+05  0.282443E+03
  3.261   5.655   0.181129E+04  0.768790E+04
  3.334   5.718  -0.278205E+04 -0.126606E+05
  3.407   5.781   0.176375E+05  0.182544E+02
  3.482   5.843  -0.715533E+04  0.115829E+05
  3.557   5.906  -0.613122E+04 -0.699389E+04
  3.633   5.969  -0.100057E+04 -0.104975E+02
  3.710   6.032  -0.236451E+04 -0.237000E+04
  3.788   6.095  -0.706565E+03  0.463630E+04
  3.866   6.158  -0.963262E+04  0.323506E+03
  3.946   6.220  -0.339115E+03 -0.500589E+04
  4.026   6.283  -0.146120E+03  0.319408E+04
