  0.000   0.000  -0.000000E+00  0.000000E+00
 -1.000  -1.000   0.000000E+00  0.000000E+00
  0.000   0.063  -0.525379E+05  0.394492E+05
  0.002   0.126   0.219297E+06  0.139143E+06
  0.004   0.188  -0.504642E+06 -0.267299E+06
  0.006   0.251   0.623437E+06 -0.750838E+06
  0.010   0.314   0.132545E+07 -0.537685E+06
  0.014   0.377   0.722534E+06 -0.171742E+07
  0.020   0.440  -0.216867E+07  0.194546E+06
  0.026   0.503   0.219678E+07 -0.581767E+06
  0.033   0.565   0.123413E+06  0.210158E+07
  0.040   0.628  -0.109733E+07  0.146684E+07
  0.049   0.691  -0.655054E+06  0.195889E+07
  0.058   0.754   0.318391E+07  0.428002E+06
  0.068   0.817  -0.443966E+07  0.824705E+04
  0.079   0.880  -0.220801E+06 -0.479253E+07
  0.091   0.942   0.143076E+06 -0.440713E+07
  0.103   1.005  -0.333798E+07 -0.116031E+07
  0.116   1.068   0.687446E+06  0.185965E+07
  0.130   1.131   0.182273E+07 -0.273470E+06
  0.145   1.194  -0.340454E+06  0.374104E+07
  0.161   1.257  -0.170530E+06  0.364383E+07
  0.178   1.319   0.271898E+07  0.390532E+06
  0.195   1.382  -0.766562E+06 -0.178558E+07
  0.213   1.445  -0.411866E+06  0.308664E+07
  0.232   1.508  -0.409108E+07 -0.799556E+05
  0.252   1.571  -0.349029E+07  0.699432E+06
  0.272   1.634  -0.117063E+06  0.229570E+07
  0.293   1.696   0.183693E+07  0.417362E+05
  0.316   1.759  -0.181137E+07  0.110228E+07
  0.339   1.822  -0.178360E+07 -0.577302E+06
  0.362   1.885  -0.443127E+06 -0.449585E+06
  0.387   1.948  -0.735490E+06 -0.861752E+06
  0.412   2.011   0.467229E+06  0.789613E+06
  0.438   2.073  -0.194040E+06 -0.247722E+06
  0.465   2.136   0.994711E+06 -0.504191E+06
  0.493   2.199   0.367583E+06 -0.110990E+07
  0.522   2.262  -0.722341E+06 -0.292208E+06
  0.551   2.325  -0.277891E+06  0.779393E+06
  0.581   2.388  -0.529257E+06 -0.439411E+06
  0.612   2.450  -0.198341E+06  0.630274E+05
  0.644   2.513  -0.211021E+06 -0.353676E+06
  0.677   2.576  -0.168938E+06  0.191912E+06
  0.710   2.639  -0.184320E+06  0.359644E+06
  0.744   2.702  -0.435255E+06 -0.663652E+05
  0.779   2.765   0.305185E+06 -0.218870E+06
  0.815   2.827   0.328435E+03 -0.485388E+06
  0.852   2.890  -0.662263E+05 -0.445313E+05
  0.889   2.953   0.105453E+06  0.347914E+06
  0.928   3.016  -0.124875E+06 -0.119732E+06
  0.967   3.079   0.274388E+06 -0.415428E+06
  1.006   3.142   0.170118E+05 -0.262315E+06
  1.047   3.204  -0.245635E+06 -0.136330E+06
  1.089   3.267   0.697330E+05 -0.375572E+05
  1.131   3.330   0.853613E+05  0.218674E+05
  1.174   3.393   0.385817E+05  0.548728E+05
  1.218   3.456  -0.134692E+06  0.150012E+05
  1.262   3.519  -0.124127E+06  0.111242E+06
  1.308   3.581   0.928082E+05 -0.243793E+06
  1.354   3.644  -0.237611E+05  0.176404E+06
  1.401   3.707  -0.579055E+05  0.138975E+06
  1.449   3.770  -0.193150E+06  0.783130E+05
  1.498   3.833   0.368622E+05  0.709302E+05
  1.547   3.896  -0.364164E+05 -0.100714E+06
  1.598   3.958  -0.272169E+05  0.441835E+04
  1.649   4.021  -0.287375E+05 -0.389407E+05
  1.701   4.084   0.231308E+05 -0.123409E+05
  1.754   4.147   0.468100E+05 -0.686734E+05
  1.807   4.210   0.116441E+05  0.100173E+06
  1.861   4.273  -0.984477E+05 -0.867085E+05
  1.917   4.335   0.305096E+05 -0.230885E+05
  1.973   4.398  -0.377733E+04 -0.314688E+05
  2.029   4.461  -0.595712E+05 -0.283729E+05
  2.087   4.524   0.211927E+04  0.244631E+05
  2.145   4.587  -0.123846E+04 -0.754919E+04
  2.204   4.650   0.532005E+04  0.819096E+04
  2.264   4.712   0.338640E+04  0.560391E+05
  2.325   4.775   0.498266E+05  0.372130E+03
  2.387   4.838  -0.139595E+05  0.122660E+05
  2.449   4.901   0.983576E+04 -0.196464E+05
  2.512   4.964   0.354071E+05  0.194218E+05
  2.576   5.027   0.196694E+05  0.460927E+04
  2.641   5.089  -0.854403E+03  0.311526E+03
  2.707   5.152   0.222345E+04 -0.226462E+04
  2.773   5.215   0.956292E+04  0.179650E+05
  2.841   5.278  -0.943228E+04  0.297483E+05
  2.909   5.341  -0.860869E+04  0.134512E+05
  2.977   5.404   0.696308E+04  0.230230E+05
  3.047   5.466  -0.107394E+05 -0.118370E+05
  3.117   5.529  -0.429384E+04 -0.697262E+04
  3.189   5.592  -0.899602E+04 -0.294660E+03
  3.261   5.655  -0.349836E+04  0.447873E+04
  3.334   5.718  -0.339869E+04  0.949085E+04
  3.407   5.781   0.668063E+04 -0.121917E+05
  3.482   5.843   0.317832E+04  0.103117E+05
  3.557   5.906  -0.350466E+04  0.633189E+04
  3.633   5.969   0.391203E+03 -0.800630E+03
  3.710   6.032  -0.193018E+04  0.175536E+04
  3.788   6.095   0.699460E+03  0.382134E+04
  3.866   6.158  -0.737918E+04  0.192238E+04
  3.946   6.220  -0.392712E+04 -0.266371E+03
  4.026   6.283  -0.170678E+04 -0.170898E+04
