  0.000   0.000   0.000000E+00  0.000000E+00
 -1.000  -1.000   0.000000E+00  0.000000E+00
  0.000   0.063   0.247705E+06  0.704059E+10
  0.002   0.126   0.361005E+07  0.681701E+10
  0.004   0.188   0.153902E+08  0.643617E+10
  0.006   0.251   0.366651E+08  0.589823E+10
  0.010   0.314   0.559490E+08  0.521648E+10
  0.014   0.377   0.448893E+08  0.441835E+10
  0.020   0.440  -0.355034E+08  0.354031E+10
  0.026   0.503  -0.212009E+09  0.261914E+10
  0.033   0.565  -0.458604E+09  0.169428E+10
  0.040   0.628  -0.678224E+09  0.851178E+09
  0.049   0.691  -0.794331E+09  0.241115E+09
  0.058   0.754  -0.828514E+09 -0.552056E+08
  0.068   0.817  -0.808560E+09 -0.107500E+09
  0.079   0.880  -0.731446E+09 -0.523243E+08
  0.091   0.942  -0.582871E+09 -0.479627E+08
  0.103   1.005  -0.240970E+09 -0.735432E+08
  0.116   1.068  -0.270300E+08  0.623404E+07
  0.130   1.131   0.431164E+08 -0.792076E+07
  0.145   1.194   0.452049E+08 -0.521281E+08
  0.161   1.257   0.395240E+08 -0.941729E+08
  0.178   1.319   0.493191E+08 -0.179458E+08
  0.195   1.382   0.747275E+07  0.772713E+07
  0.213   1.445   0.498721E+07  0.113968E+08
  0.232   1.508   0.130742E+08  0.814354E+07
  0.252   1.571   0.997123E+07  0.843203E+07
  0.272   1.634   0.413646E+07  0.249371E+07
  0.293   1.696   0.327106E+06  0.287718E+07
  0.316   1.759  -0.310098E+07  0.585221E+07
  0.339   1.822  -0.248580E+07  0.187348E+07
  0.362   1.885  -0.776478E+06 -0.203305E+06
  0.387   1.948   0.282756E+07 -0.111668E+07
  0.412   2.011  -0.467292E+06  0.255537E+06
  0.438   2.073   0.818690E+05  0.933622E+05
  0.465   2.136   0.655772E+06  0.289874E+05
  0.493   2.199   0.263164E+06 -0.396610E+06
  0.522   2.262  -0.757952E+05 -0.873769E+05
  0.551   2.325  -0.473842E+05  0.408203E+05
  0.581   2.388  -0.374682E+05 -0.945087E+05
  0.612   2.450   0.346339E+05 -0.173139E+06
  0.644   2.513   0.401750E+06 -0.334284E+06
  0.677   2.576   0.306042E+06 -0.217530E+06
  0.710   2.639   0.405049E+06  0.524142E+06
  0.744   2.702   0.381473E+06  0.936727E+06
  0.779   2.765  -0.513000E+06  0.436248E+06
  0.815   2.827  -0.968023E+06  0.253723E+05
  0.852   2.890  -0.113271E+06 -0.397062E+05
  0.889   2.953  -0.805088E+04  0.113249E+06
  0.928   3.016  -0.112428E+06 -0.197763E+05
  0.967   3.079   0.393732E+06 -0.685994E+06
  1.006   3.142   0.342663E+06 -0.858851E+05
  1.047   3.204   0.734810E+06  0.789504E+06
  1.089   3.267   0.145295E+06  0.385561E+06
  1.131   3.330  -0.874450E+06  0.689496E+06
  1.174   3.393  -0.369852E+06 -0.227417E+06
  1.218   3.456  -0.115130E+06 -0.113050E+07
  1.262   3.519   0.377103E+06 -0.994672E+05
  1.308   3.581   0.545841E+06  0.345615E+05
  1.354   3.644  -0.117954E+06  0.363561E+05
  1.401   3.707   0.473945E+05 -0.137751E+06
  1.449   3.770  -0.144232E+05  0.266016E+06
  1.498   3.833  -0.166922E+06 -0.365827E+05
  1.547   3.896  -0.460060E+06 -0.489051E+06
  1.598   3.958   0.412769E+06 -0.291761E+06
  1.649   4.021   0.265886E+06 -0.960818E+05
  1.701   4.084   0.706515E+05  0.511634E+06
  1.754   4.147  -0.229494E+06 -0.438292E+05
  1.807   4.210  -0.133511E+06 -0.745127E+05
  1.861   4.273   0.924075E+05 -0.285396E+05
  1.917   4.335  -0.109768E+05  0.500064E+04
  1.973   4.398   0.330065E+05 -0.403425E+05
  2.029   4.461   0.223856E+06  0.200634E+06
  2.087   4.524  -0.209041E+06  0.176835E+06
  2.145   4.587  -0.880320E+05 -0.126417E+05
  2.204   4.650   0.726682E+04 -0.164392E+06
  2.264   4.712   0.169150E+06  0.112412E+06
  2.325   4.775  -0.602947E+05  0.619141E+05
  2.387   4.838  -0.519589E+04  0.109162E+04
  2.449   4.901  -0.460177E+04  0.410112E+05
  2.512   4.964  -0.953805E+05 -0.661627E+05
  2.576   5.027   0.103959E+06 -0.727806E+05
  2.641   5.089   0.200544E+05  0.548965E+05
  2.707   5.152  -0.259524E+05  0.277348E+05
  2.773   5.215  -0.503809E+05 -0.418607E+05
  2.841   5.278   0.337986E+05 -0.234123E+05
  2.909   5.341   0.189490E+03 -0.107058E+03
  2.977   5.404   0.255713E+05  0.201671E+05
  3.047   5.466  -0.221675E+05  0.328363E+05
  3.117   5.529  -0.184158E+05  0.221091E+04
  3.189   5.592   0.974323E+04 -0.701675E+04
  3.261   5.655   0.233947E+05  0.372122E+05
  3.334   5.718  -0.166158E+05  0.289047E+05
  3.407   5.781  -0.237609E+03  0.186505E+05
  3.482   5.843  -0.147340E+05  0.896118E+04
  3.557   5.906   0.236036E+05  0.170329E+04
  3.633   5.969   0.224174E+03  0.416369E+05
  3.710   6.032  -0.208261E+05 -0.138478E+04
  3.788   6.095   0.127529E+05 -0.419352E+03
  3.866   6.158   0.321475E+03  0.110704E+05
  3.946   6.220   0.200357E+04  0.439215E+04
  4.026   6.283  -0.581818E+04  0.641702E+04
