  0.000   0.000   0.000000E+00 -0.000000E+00
 -1.000  -1.000   0.000000E+00  0.000000E+00
  0.000   0.063  -0.751393E-09  0.120397E-08
  0.002   0.126  -0.313210E-08 -0.132935E-08
  0.004   0.188   0.500463E-08 -0.749906E-09
  0.006   0.251  -0.216289E-08  0.317763E-08
  0.010   0.314  -0.102454E-07  0.399835E-08
  0.014   0.377  -0.490716E-08  0.114480E-07
  0.020   0.440   0.117838E-07 -0.881697E-09
  0.026   0.503  -0.103557E-07 -0.158241E-08
  0.033   0.565   0.353134E-08 -0.769640E-08
  0.040   0.628   0.623911E-08  0.745158E-08
  0.049   0.691   0.172048E-07 -0.978864E-08
  0.058   0.754  -0.265995E-07 -0.120987E-07
  0.068   0.817   0.311015E-07  0.127355E-07
  0.079   0.880  -0.140907E-07  0.361163E-07
  0.091   0.942  -0.128711E-07  0.390496E-07
  0.103   1.005   0.964730E-08  0.319836E-07
  0.116   1.068   0.412560E-08 -0.179525E-07
  0.130   1.131  -0.134619E-07  0.108772E-07
  0.145   1.194   0.240214E-08 -0.252944E-07
  0.161   1.257   0.970859E-08 -0.119218E-07
  0.178   1.319  -0.223352E-07 -0.687850E-09
  0.195   1.382   0.309839E-08  0.103873E-07
  0.213   1.445  -0.151997E-07 -0.454219E-09
  0.232   1.508   0.503758E-08 -0.286474E-08
  0.252   1.571   0.529038E-08 -0.104072E-07
  0.272   1.634  -0.218645E-07 -0.692806E-08
  0.293   1.696  -0.458898E-08  0.178538E-07
  0.316   1.759   0.234332E-08 -0.282107E-08
  0.339   1.822   0.154680E-07 -0.756092E-08
  0.362   1.885   0.329499E-07  0.381367E-08
  0.387   1.948   0.331857E-07 -0.118353E-07
  0.412   2.011  -0.291721E-07 -0.126677E-07
  0.438   2.073   0.267631E-07 -0.128429E-07
  0.465   2.136   0.883442E-09  0.163614E-07
  0.493   2.199   0.768713E-08  0.176911E-07
  0.522   2.262   0.116317E-07  0.123992E-07
  0.551   2.325   0.208668E-07 -0.164835E-07
  0.581   2.388  -0.305036E-07  0.174068E-07
  0.612   2.450   0.157625E-07 -0.194962E-08
  0.644   2.513  -0.379146E-07  0.299450E-07
  0.677   2.576   0.370729E-07  0.287170E-07
  0.710   2.639   0.723644E-08 -0.304516E-07
  0.744   2.702   0.351315E-07  0.974550E-08
  0.779   2.765   0.898388E-08  0.204361E-07
  0.815   2.827   0.321126E-07 -0.121344E-07
  0.852   2.890  -0.451728E-08 -0.296921E-07
  0.889   2.953   0.146177E-07 -0.706575E-08
  0.928   3.016  -0.101103E-07  0.126712E-07
  0.967   3.079  -0.116045E-07  0.509134E-08
  1.006   3.142   0.148669E-08  0.260256E-07
  1.047   3.204   0.839075E-08  0.390684E-08
  1.089   3.267   0.295624E-08  0.456885E-08
  1.131   3.330  -0.136834E-07  0.211785E-08
  1.174   3.393  -0.114676E-08 -0.538542E-08
  1.218   3.456  -0.163745E-07  0.136148E-07
  1.262   3.519   0.740008E-08 -0.851426E-08
  1.308   3.581  -0.948284E-08  0.339332E-08
  1.354   3.644  -0.141236E-07 -0.238021E-08
  1.401   3.707  -0.630994E-08  0.242041E-10
  1.449   3.770  -0.167762E-07  0.678626E-08
  1.498   3.833   0.183501E-07 -0.973396E-09
  1.547   3.896  -0.150946E-09 -0.149815E-07
  1.598   3.958  -0.536180E-08  0.137769E-07
  1.649   4.021  -0.972827E-08  0.112109E-07
  1.701   4.084  -0.126067E-07  0.115175E-07
  1.754   4.147  -0.352970E-08  0.559235E-08
  1.807   4.210  -0.154904E-08 -0.114058E-08
  1.861   4.273   0.100778E-07  0.685713E-08
  1.917   4.335  -0.120780E-08  0.233194E-08
  1.973   4.398  -0.264331E-09 -0.212587E-09
  2.029   4.461   0.103228E-07  0.870845E-08
  2.087   4.524  -0.722998E-08 -0.837070E-08
  2.145   4.587  -0.151270E-08 -0.646613E-08
  2.204   4.650  -0.674192E-08 -0.810163E-08
  2.264   4.712  -0.509737E-08  0.274826E-08
  2.325   4.775   0.173939E-08 -0.543631E-08
  2.387   4.838   0.419606E-08  0.679556E-08
  2.449   4.901  -0.263407E-08  0.868492E-08
  2.512   4.964  -0.500503E-08  0.454670E-08
  2.576   5.027   0.214790E-08 -0.923575E-08
  2.641   5.089  -0.741872E-08  0.450022E-08
  2.707   5.152   0.331867E-08 -0.228046E-08
  2.773   5.215   0.231369E-08 -0.315243E-08
  2.841   5.278  -0.449302E-08 -0.214157E-08
  2.909   5.341  -0.426042E-08  0.316323E-08
  2.977   5.404   0.208817E-08 -0.107502E-08
  3.047   5.466   0.189031E-08 -0.238179E-08
  3.117   5.529   0.373317E-08  0.742057E-09
  3.189   5.592   0.323401E-08  0.122510E-08
  3.261   5.655   0.269645E-08 -0.581956E-09
  3.334   5.718  -0.109320E-08 -0.487419E-08
  3.407   5.781  -0.305122E-08  0.528630E-08
  3.482   5.843  -0.210711E-08 -0.518362E-08
  3.557   5.906   0.279704E-08 -0.416432E-08
  3.633   5.969   0.179347E-08 -0.509055E-08
  3.710   6.032  -0.284958E-08 -0.688155E-09
  3.788   6.095   0.155787E-08  0.679407E-09
  3.866   6.158  -0.141577E-08  0.401979E-09
  3.946   6.220  -0.386634E-09  0.754211E-09
  4.026   6.283   0.111944E-09 -0.728096E-09
