  0.000   0.000  -0.000000E+00  0.000000E+00
 -1.000  -1.000   0.000000E+00  0.000000E+00
  0.000   0.063  -0.105120E+09 -0.532069E+04
  0.002   0.126  -0.415545E+09 -0.100230E+06
  0.004   0.188  -0.913700E+09 -0.822189E+06
  0.006   0.251  -0.156147E+10 -0.487179E+07
  0.010   0.314  -0.228846E+10 -0.214450E+08
  0.014   0.377  -0.298028E+10 -0.721132E+08
  0.020   0.440  -0.347837E+10 -0.194725E+09
  0.026   0.503  -0.360838E+10 -0.447388E+09
  0.033   0.565  -0.323913E+10 -0.923906E+09
  0.040   0.628  -0.233247E+10 -0.177492E+10
  0.049   0.691  -0.913222E+09 -0.317613E+10
  0.058   0.754   0.106280E+10 -0.502900E+10
  0.068   0.817   0.320144E+10 -0.634113E+10
  0.079   0.880   0.391710E+10 -0.660153E+10
  0.091   0.942   0.302807E+10 -0.637225E+10
  0.103   1.005   0.163151E+10 -0.541373E+10
  0.116   1.068   0.134920E+10 -0.287102E+10
  0.130   1.131   0.107650E+10  0.274551E+10
  0.145   1.194  -0.815341E+09  0.595483E+10
  0.161   1.257  -0.463956E+09  0.581805E+10
  0.178   1.319   0.524487E+09  0.436361E+10
  0.195   1.382  -0.993747E+09  0.294598E+10
  0.213   1.445  -0.498237E+10 -0.162215E+08
  0.232   1.508  -0.621849E+10 -0.204775E+10
  0.252   1.571  -0.552376E+10 -0.138806E+10
  0.272   1.634  -0.344506E+10 -0.128779E+10
  0.293   1.696  -0.265031E+09 -0.292787E+10
  0.316   1.759   0.703211E+09 -0.331896E+10
  0.339   1.822   0.250356E+09 -0.298906E+10
  0.362   1.885   0.769670E+09 -0.654017E+09
  0.387   1.948   0.104138E+10  0.148373E+10
  0.412   2.011   0.947545E+09  0.112123E+10
  0.438   2.073  -0.973307E+08  0.493975E+09
  0.465   2.136  -0.161653E+10  0.755388E+09
  0.493   2.199  -0.135878E+10  0.128577E+10
  0.522   2.262  -0.108527E+10  0.613624E+09
  0.551   2.325  -0.812218E+09 -0.104550E+10
  0.581   2.388  -0.706184E+09 -0.844206E+09
  0.612   2.450  -0.233057E+09  0.237828E+09
  0.644   2.513  -0.260676E+09 -0.605200E+09
  0.677   2.576  -0.152202E+09 -0.379713E+09
  0.710   2.639   0.351921E+09  0.542444E+09
  0.744   2.702   0.636048E+09  0.302823E+09
  0.779   2.765  -0.400915E+09  0.447586E+09
  0.815   2.827  -0.412187E+09  0.658212E+09
  0.852   2.890  -0.127336E+09 -0.948946E+07
  0.889   2.953  -0.328460E+09 -0.480057E+09
  0.928   3.016   0.104693E+09 -0.256241E+09
  0.967   3.079   0.788095E+09 -0.115973E+09
  1.006   3.142   0.405368E+09  0.112113E+09
  1.047   3.204   0.922665E+08  0.439919E+09
  1.089   3.267   0.941730E+08  0.847993E+08
  1.131   3.330   0.140986E+09 -0.811320E+06
  1.174   3.393   0.938759E+08  0.520212E+08
  1.218   3.456  -0.187101E+09 -0.109603E+09
  1.262   3.519   0.175916E+09 -0.200441E+09
  1.308   3.581   0.291036E+09 -0.299168E+09
  1.354   3.644   0.201095E+09  0.201666E+09
  1.401   3.707   0.128082E+09  0.204017E+09
  1.449   3.770  -0.332129E+09  0.299403E+08
  1.498   3.833  -0.905534E+08 -0.903230E+08
  1.547   3.896   0.534264E+07 -0.171270E+09
  1.598   3.958  -0.256392E+08  0.359019E+08
  1.649   4.021  -0.747172E+08 -0.203332E+08
  1.701   4.084   0.406520E+08  0.103434E+08
  1.754   4.147  -0.103563E+09  0.834102E+08
  1.807   4.210  -0.137676E+09  0.841475E+08
  1.861   4.273  -0.138524E+09 -0.157700E+09
  1.917   4.335   0.594400E+08 -0.146456E+08
  1.973   4.398   0.487019E+08  0.141345E+08
  2.029   4.461  -0.560375E+08  0.894729E+08
  2.087   4.524  -0.202274E+08 -0.336803E+08
  2.145   4.587   0.121769E+08  0.124298E+07
  2.204   4.650  -0.155063E+08 -0.194020E+07
  2.264   4.712   0.640442E+08 -0.629847E+08
  2.325   4.775   0.592717E+08  0.533190E+08
  2.387   4.838   0.117799E+08  0.272994E+08
  2.449   4.901  -0.350309E+08 -0.293395E+07
  2.512   4.964   0.423713E+08 -0.487821E+08
  2.576   5.027   0.235371E+08  0.221545E+08
  2.641   5.089   0.142483E+07  0.295133E+06
  2.707   5.152   0.240928E+07  0.446992E+07
  2.773   5.215  -0.243691E+08  0.215981E+08
  2.841   5.278  -0.339559E+08 -0.366095E+08
  2.909   5.341   0.255489E+08 -0.412713E+06
  2.977   5.404  -0.296238E+08  0.245663E+08
  3.047   5.466  -0.241122E+08 -0.851757E+07
  3.117   5.529  -0.129624E+08 -0.190704E+07
  3.189   5.592  -0.143662E+08 -0.100525E+07
  3.261   5.655  -0.219032E+07 -0.882521E+07
  3.334   5.718   0.348531E+07  0.157486E+08
  3.407   5.781  -0.222434E+08 -0.387194E+05
  3.482   5.843   0.905088E+07 -0.147020E+08
  3.557   5.906   0.761333E+07  0.872460E+07
  3.633   5.969   0.142555E+07  0.237910E+05
  3.710   6.032   0.260270E+07  0.326368E+07
  3.788   6.095   0.644027E+06 -0.618228E+07
  3.866   6.158   0.121943E+08 -0.397175E+06
  3.946   6.220   0.346892E+06  0.628827E+07
  4.026   6.283   0.137181E+06 -0.386206E+07
